"C:\Users\Ayato Tomofuji\OneDrive - 公立大学法人大阪\ドキュメント\XFC\Kessler\kessler-game\venv\Scripts\python.exe" "C:\Users\Ayato Tomofuji\OneDrive - 公立大学法人大阪\ドキュメント\XFC\Kessler\kessler-game\examples\run_training_env.py"
0.2935329341317365
0
[-21.02175789  70.78071855 184.13900142  97.44541504]
1
[-21.02175789  70.78071855 184.13900142  97.44541504]
2
[-21.02175789  70.78071855 184.13900142  97.44541504]
3
[ 11.56715147  74.43432087 186.33755807  88.22653569]
4
[-21.02175789  70.78071855 184.13900142  97.44541504]
5
[-21.02175789  70.78071855 184.13900142  97.44541504]
6
[ 11.56715147  74.43432087 186.33755807  88.22653569]
7
[-18.05168908  78.79873186 179.82312743  82.94041903]
8
[ 21.94717059 100.96449946 176.28406195  83.36477058]
9
[ 11.56715147  74.43432087 186.33755807  88.22653569]
10
[ 14.74886053  87.70427552 176.98017398  82.43400298]
11
[-21.02175789  70.78071855 184.13900142  97.44541504]
12
[ -8.41418429  84.59060884 180.74749461 103.67521186]
13
[-21.02175789  70.78071855 184.13900142  97.44541504]
14
[ -8.86722169  85.73264537 188.22916309  87.84556579]
15
[ 11.56715147  74.43432087 186.33755807  88.22653569]
16
[ 12.4300513   88.00814149 173.37998125  82.61933851]
17
[ 11.56715147  74.43432087 186.33755807  88.22653569]
18
[-21.02175789  70.78071855 184.13900142  97.44541504]
19
[-21.02175789  70.78071855 184.13900142  97.44541504]
20
[-21.02175789  70.78071855 184.13900142  97.44541504]
21
[ 12.4300513   88.00814149 173.37998125  82.61933851]
22
[-21.02175789  70.78071855 184.13900142  97.44541504]
23
[-21.02175789  70.78071855 184.13900142  97.44541504]
24
[-16.76739366  73.71163065 174.08835993  89.72535707]
25
[-16.76739366  73.71163065 174.08835993  89.72535707]
26
[-16.76739366  73.71163065 174.08835993  89.72535707]
27
[ 16.74098186  70.92697575 172.26633022  88.25422595]
28
[ 22.61280704  93.91030928 170.22205031  82.5632956 ]
29
[-12.1667355   69.6088557  186.29469501  87.5512045 ]
30
[-15.45529815  65.10904203 189.04944652  82.80200379]
31
[ -7.42875646  80.63102697 169.36034166  86.16613389]
32
[-15.45529815  65.10904203 189.04944652  82.80200379]
33
[-15.45529815  65.10904203 189.04944652  82.80200379]
34
[-21.02175789  70.78071855 184.13900142  97.44541504]
35
[ 16.74098186  70.92697575 172.26633022  88.25422595]
36
[-21.02175789  70.78071855 184.13900142  97.44541504]
37
[-15.45529815  65.10904203 189.04944652  82.80200379]
38
[-17.31769931  73.92093089 177.40885337  97.7291638 ]
39
[102.92881965  74.14341502 207.92800943  95.28266537]
40
[-15.45529815  65.10904203 189.04944652  82.80200379]
41
[-17.31769931  73.92093089 177.40885337  97.7291638 ]
42
[-15.45529815  65.10904203 189.04944652  82.80200379]
43
[-15.45529815  65.10904203 189.04944652  82.80200379]
44
[  4.99395614  70.82203758 173.80337499  98.61042961]
45
[ 16.74098186  70.92697575 172.26633022  88.25422595]
46
[-15.45529815  65.10904203 189.04944652  82.80200379]
47
[ 16.74098186  70.92697575 172.26633022  88.25422595]
48
[-15.45529815  65.10904203 189.04944652  82.80200379]
49
[ 96.54472277  73.92291187 210.01857261  91.78908387]
50
[ 16.74098186  70.92697575 172.26633022  88.25422595]
51
[ 86.03316859  75.51838157 208.79127439  89.02318693]
52
[  4.99395614  70.82203758 173.80337499  98.61042961]
53
[-15.45529815  65.10904203 189.04944652  82.80200379]
54
[ 36.28124188  76.02051028 148.99439328  87.78713481]
55
[  4.99395614  70.82203758 173.80337499  98.61042961]
56
[ 16.74098186  70.92697575 172.26633022  88.25422595]
57
[-15.45529815  65.10904203 189.04944652  82.80200379]
58
[-15.45529815  65.10904203 189.04944652  82.80200379]
59
[ 39.17068478  73.21354138 153.64303421  94.34451335]
60
[129.4090662   85.05538664 154.65536912  92.1204746 ]
61
[129.4090662   85.05538664 154.65536912  92.1204746 ]
62
[ 39.17068478  73.21354138 153.64303421  94.34451335]
63
[ 27.09976372  70.45705588 157.00463953  92.91039961]
64
[ 59.29171367  75.54967161 143.09973209  87.67113856]
65
[ 59.29171367  75.54967161 143.09973209  87.67113856]
66
[129.4090662   85.05538664 154.65536912  92.1204746 ]
67
[ 20.31316411  72.85189861 172.47513546  83.82486602]
68
[ 39.17068478  73.21354138 153.64303421  94.34451335]
69
[129.4090662   85.05538664 154.65536912  92.1204746 ]
70
[ 36.08727814  77.32638045 150.37520715  92.95367722]
71
[ 59.29171367  75.54967161 143.09973209  87.67113856]
72
[ 27.09976372  70.45705588 157.00463953  92.91039961]
73
[ 32.31036732  69.71121789 156.238492    96.11984959]
74
[ 39.17068478  73.21354138 153.64303421  94.34451335]
75
[ 59.29171367  75.54967161 143.09973209  87.67113856]
76
[-30.81115854  71.68901432 164.55821189  98.66566627]
77
[ 32.31036732  69.71121789 156.238492    96.11984959]
78
[ 87.50757315  69.38904654 154.35968275  82.043961  ]
79
[ 31.22052102  74.69994856 159.30850324  92.93854388]
80
[-26.39593401  75.52542056 155.32515325  93.14081484]
81
[-15.45529815  65.10904203 189.04944652  82.80200379]
82
[ 59.29171367  75.54967161 143.09973209  87.67113856]
83
[-26.39593401  75.52542056 155.32515325  93.14081484]
84
[ 22.705596    61.18267403 179.55001979  77.07957387]
85
[ 59.29171367  75.54967161 143.09973209  87.67113856]
86
[ 22.705596    61.18267403 179.55001979  77.07957387]
87
[-48.07031519  68.36771293 155.23934675  94.46752581]
88
[ 22.705596    61.18267403 179.55001979  77.07957387]
89
[ 33.75621394  68.7867413  154.61491082  94.57891395]
90
[ 33.75621394  68.7867413  154.61491082  94.57891395]
91
[ 67.9133293   65.9841912  160.38154391  92.74882418]
92
[ 88.45028036  74.31421057 156.6648519   90.62088097]
93
[ 88.45028036  74.31421057 156.6648519   90.62088097]
94
[ 22.705596    61.18267403 179.55001979  77.07957387]
95
[ 30.49005988  69.0417005  156.57241806  93.62909218]
96
[ 88.45028036  74.31421057 156.6648519   90.62088097]
97
[ 32.4353358   69.72082165 154.76249911  94.70929602]
98
[ 30.71930971  70.2681338  155.40784108  92.71562594]
99
[ 22.705596    61.18267403 179.55001979  77.07957387]
100
[ 32.4353358   69.72082165 154.76249911  94.70929602]
101
[ 33.75621394  68.7867413  154.61491082  94.57891395]
102
[ 22.705596    61.18267403 179.55001979  77.07957387]
103
[ 32.4353358   69.72082165 154.76249911  94.70929602]
104
[ 32.4353358   69.72082165 154.76249911  94.70929602]
105
[ 28.97843156  68.94724765 155.69300268  95.54924582]
106
[ 33.57537441  69.01780047 154.26058315  94.53730609]
107
[ 67.9133293   65.9841912  160.38154391  92.74882418]
108
[ 22.705596    61.18267403 179.55001979  77.07957387]
109
[ 33.57537441  69.01780047 154.26058315  94.53730609]
110
[ 33.00542397  68.78778783 154.37275096  94.95788989]
111
[ 33.00542397  68.78778783 154.37275096  94.95788989]
112
[ 33.75621394  68.7867413  154.61491082  94.57891395]
113
[ 22.705596    61.18267403 179.55001979  77.07957387]
114
[ 22.705596    61.18267403 179.55001979  77.07957387]
115
[ 30.59290942  69.06311227 155.83024133  96.11177783]
116
[ 28.97843156  68.94724765 155.69300268  95.54924582]
117
[ 22.705596    61.18267403 179.55001979  77.07957387]
118
[ 32.32754363  68.93240431 156.92452454  95.92323044]
119
[ 28.95222559  68.92397484 156.41437904  95.623238  ]
120
[ 32.72743607  68.85323592 157.04133814  95.83084458]
121
[ 22.705596    61.18267403 179.55001979  77.07957387]
122
[ 28.97843156  68.94724765 155.69300268  95.54924582]
123
[ 28.97843156  68.94724765 155.69300268  95.54924582]
124
[ 30.24984265  69.08112084 153.98258198  96.3129026 ]
125
[ 28.97843156  68.94724765 155.69300268  95.54924582]
126
[ 28.97843156  68.94724765 155.69300268  95.54924582]
127
[ 28.97843156  68.94724765 155.69300268  95.54924582]
128
[ 32.32553222  68.98942814 157.00294749  95.90874246]
129
[ 28.95222559  68.92397484 156.41437904  95.623238  ]
130
[ 33.30253738  70.31345101 157.37309513  96.6017643 ]
131
[ 32.32553222  68.98942814 157.00294749  95.90874246]
132
[ 32.48917753  68.9328896  156.35156111  95.05301254]
133
[ 32.32553222  68.98942814 157.00294749  95.90874246]
134
[ 33.36582562  70.55103102 157.57250803  95.84272112]
135
[ 30.71930971  70.2681338  155.40784108  92.71562594]
136
[ 32.32553222  68.98942814 157.00294749  95.90874246]
137
[ 29.28368202  68.93335502 152.85247735  95.40060375]
138
[ 29.63265782  68.91514213 156.63979685  95.97388496]
139
[ 29.28368202  68.93335502 152.85247735  95.40060375]
140
[ 29.63265782  68.91514213 156.63979685  95.97388496]
141
[ 33.56638761  71.13912854 157.02524364  95.92948685]
142
[ 32.32754363  68.93240431 156.92452454  95.92323044]
143
[ 29.63265782  68.91514213 156.63979685  95.97388496]
144
[ 34.81566609  70.55821236 156.58862969  96.22990065]
145
[ 32.98579836  71.16486727 156.9983511   95.51230282]
146
[ 29.63265782  68.91514213 156.63979685  95.97388496]
147
[ 30.24984265  69.08112084 153.98258198  96.3129026 ]
148
[ 27.57663573  68.9318692  156.91846048  95.9511005 ]
149
[ 27.57663573  68.9318692  156.91846048  95.9511005 ]
150
[ 32.98579836  71.16486727 156.9983511   95.51230282]
151
[ 32.80899337  71.06414766 157.02411455  94.85521673]
152
[ 32.98579836  71.16486727 156.9983511   95.51230282]
153
[ 32.97093409  70.97620799 157.16372776  95.17956694]
154
[ 32.97093409  70.97620799 157.16372776  95.17956694]
155
[ 32.48917753  68.9328896  156.35156111  95.05301254]
156
[ 27.57663573  68.9318692  156.91846048  95.9511005 ]
157
[ 30.24984265  69.08112084 153.98258198  96.3129026 ]
158
[ 32.97093409  70.97620799 157.16372776  95.17956694]
159
[ 32.48917753  68.9328896  156.35156111  95.05301254]
160
[ 28.920218    68.93229638 156.92395414  95.92413002]
161
[ 32.32754363  68.93240431 156.92452454  95.92323044]
162
[ 32.78854405  69.53415914 155.38139722  95.52423287]
163
[ 28.920218    68.93229638 156.92395414  95.92413002]
164
[ 30.24984265  69.08112084 153.98258198  96.3129026 ]
165
[ 33.02487929  71.02193865 157.16281946  94.85029333]
166
[ 33.05566253  71.58085448 156.99410457  95.28784045]
167
[ 33.02487929  71.02193865 157.16281946  94.85029333]
168
[ 28.920218    68.93229638 156.92395414  95.92413002]
169
[ 27.15075692  71.68860394 157.01566849  95.220516  ]
170
[ 33.31172196  69.6617607  156.1871006   95.89363733]
171
[ 30.24984265  69.08112084 153.98258198  96.3129026 ]
172
[ 30.24984265  69.08112084 153.98258198  96.3129026 ]
173
[ 27.15075692  71.68860394 157.01566849  95.220516  ]
174
[ 33.07562514  71.15489119 156.47930848  95.20294459]
175
[ 33.02487929  71.02193865 157.16281946  94.85029333]
176
[ 28.41551895  72.53636765 156.99221177  95.46366212]
177
[ 32.65939574  69.93413518 156.59413424  95.80742473]
178
[ 33.07562514  71.15489119 156.47930848  95.20294459]
179
[ 32.32754363  68.93240431 156.92452454  95.92323044]
180
[ 30.21440597  71.40895733 152.91499155  96.04780237]
181
[ 33.02487929  71.02193865 157.16281946  94.85029333]
182
[ 32.65939574  69.93413518 156.59413424  95.80742473]
183
[ 30.84576766  68.69308721 155.81194674  96.56348851]
184
[ 32.65939574  69.93413518 156.59413424  95.80742473]
185
[ 31.94778227  71.63054968 150.95304396  95.59595002]
186
[ 30.62654119  72.63299511 156.25622379  95.51759066]
187
[ 27.15075692  71.68860394 157.01566849  95.220516  ]
188
[ 30.62654119  72.63299511 156.25622379  95.51759066]
189
[ 32.95104416  70.42654677 157.11284114  94.84277928]
190
[ 32.65939574  69.93413518 156.59413424  95.80742473]
191
[ 31.94778227  71.63054968 150.95304396  95.59595002]
192
[ 32.95104416  70.42654677 157.11284114  94.84277928]
193
[ 32.95104416  70.42654677 157.11284114  94.84277928]
194
[ 32.95104416  70.42654677 157.11284114  94.84277928]
195
[ 30.76946928  70.61060944 156.63682874  95.60053408]
196
[ 32.28605988  71.19772054 157.03123366  95.44877904]
197
[ 32.28605988  71.19772054 157.03123366  95.44877904]
198
[ 31.41865506  71.76878766 156.68191817  95.6582357 ]
199
[ 32.57751562  69.89484597 156.68833566  95.60376117]
200
[ 30.67214666  70.17645466 156.6666154   95.60129292]
201
[ 27.15075692  71.68860394 157.01566849  95.220516  ]
202
[ 32.57751562  69.89484597 156.68833566  95.60376117]
203
[ 30.68731815  70.06594441 156.67802532  95.6004209 ]
204
[ 30.68731815  70.06594441 156.67802532  95.6004209 ]
205
[ 30.73339035  72.30310709 156.67813097  95.59923144]
206
[ 27.15075692  71.68860394 157.01566849  95.220516  ]
207
[ 32.57751562  69.89484597 156.68833566  95.60376117]
208
[ 30.68731815  70.06594441 156.67802532  95.6004209 ]
209
[ 30.68731815  70.06594441 156.67802532  95.6004209 ]
210
[ 30.40285174  72.21702066 156.89729435  95.70013137]
211
[ 30.67214666  70.17645466 156.6666154   95.60129292]
212
[ 30.69267715  70.08514592 156.66113891  95.60083966]
213
[ 30.67214666  70.17645466 156.6666154   95.60129292]
214
[ 33.15982004  73.85691997 156.81932113  95.69733161]
