"C:\Users\Ayato Tomofuji\OneDrive - 公立大学法人大阪\ドキュメント\XFC\Kessler\kessler-game\venv\Scripts\python.exe" "C:\Users\Ayato Tomofuji\OneDrive - 公立大学法人大阪\ドキュメント\XFC\Kessler\kessler-game\examples\run_simple5.py"
0.38284682988072816
0
[ 13.54274359  96.35717352 187.48285663  88.4820603 ]
1
[ -9.23456871  82.80619947 180.83362414  85.84466242]
2
[ 14.5477993   93.43637244 179.4378659   89.05689102]
3
[  3.96389943  73.64807675 171.60238433  89.12432762]
4
[-23.9097652   75.25705497 164.75729642  80.83377773]
5
[ 68.28176084  62.0889761  182.04151957  83.55072056]
6
[  6.12462457  63.32403501 180.70361076  91.25156484]
7
[ 52.56986429  97.23292516 181.47827697  81.90087419]
8
[  6.12462457  63.32403501 180.70361076  91.25156484]
9
[  6.12462457  63.32403501 180.70361076  91.25156484]
10
[ 75.17677778  94.73033074 171.23682221  84.50065985]
11
[100.88903792 109.67671737 179.42467384  81.67223421]
12
[ 75.17677778  94.73033074 171.23682221  84.50065985]
13
[ 51.20363522  77.51079894 181.66194559  80.06772658]
14
[ 54.18507844  73.35127467 181.64032639  80.90361724]
15
[ 22.4391959   97.97941588 164.64131089  84.44157005]
16
[ 70.86159189  72.20410298 181.81725014  81.23641389]
17
[  9.7239515   73.39825159 191.1322301   83.81666234]
18
[ 25.95870907  72.43313496 167.70919853  83.77702897]
19
[ 70.86159189  72.20410298 181.81725014  81.23641389]
20
[ 50.35185411  73.29739021 182.78293726  83.99385321]
21
[ 85.53638538  71.94335185 183.23617547  81.21380202]
22
[ 77.03608468  72.95467658 182.42734243  81.25166767]
23
[ 85.53638538  71.94335185 183.23617547  81.21380202]
24
[ 37.11130446  72.41095482 183.35713634  84.37874994]
25
[ 47.8080692   71.76003439 183.97906563  85.29613561]
26
[ 37.11130446  72.41095482 183.35713634  84.37874994]
27
[ 78.20244238  73.08850422 181.89102873  81.25761444]
28
[ 37.11130446  72.41095482 183.35713634  84.37874994]
29
[ 64.02079449  73.49114652 181.16967608  82.65743893]
30
[ 41.48039589  72.83115661 182.73664755  83.36920222]
31
[ 52.76724927  71.70927608 183.51020094  84.23584111]
32
[ 39.08380855  71.47077408 182.26873681  84.48833458]
33
[ 40.4860784   71.5969939  181.93623128  84.47065794]
34
[ 21.01237476  71.71647825 182.74590141  84.3682851 ]
35
[ 45.1832641   72.91507745 182.96248133  86.51710371]
36
[ 16.08993998  70.99925154 182.83389879  84.4767168 ]
37
[ 30.34083782  73.43573446 183.00102871  84.22387864]
38
[ 40.13731333  72.02931892 182.72563183  82.03155194]
39
[  6.73502321  72.6357724  182.77236278  84.21047248]
40
[-19.41445733  72.09091583 182.56554511  83.16067057]
41
[ 40.13731333  72.02931892 182.72563183  82.03155194]
42
[ 32.06217242  71.69474346 183.13671368  79.35052418]
43
[ 36.31147225  72.24780008 183.01253816  82.84887658]
44
[ 35.72557343  71.82132877 182.95806908  82.86351796]
45
[ 46.66480601  72.07998863 183.14142636  80.71710436]
46
[ 46.66480601  72.07998863 183.14142636  80.71710436]
47
[ 37.27658841  71.85585846 183.03032742  83.0468932 ]
48
[ 41.26239931  71.86996931 183.12227824  80.93668152]
49
[ 46.66480601  72.07998863 183.14142636  80.71710436]
50
[ 32.06217242  71.69474346 183.13671368  79.35052418]
51
[ 36.30566704  72.01988574 183.18315021  79.55249258]
52
[ 39.84052981  71.88180268 183.00622738  80.13783698]
53
[ 39.83664002  71.81362331 183.03454188  81.12908138]
54
[ 38.54851179  71.8939171  182.92487202  83.2157982 ]
55
[ 38.84611438  72.13119369 183.02204852  80.19376839]
56
[ 39.84052981  71.88180268 183.00622738  80.13783698]
57
[ 39.71272317  71.86864716 183.09945373  80.11253615]
58
[ 36.12876326  71.76343947 183.14095061  78.69682031]
59
[ 39.54809017  71.91081239 183.00625123  80.1159807 ]
60
[ 35.7663908   71.8667866  183.09908639  80.05487787]
61
[ 36.19562632  71.79410135 183.0987266   78.92853809]
62
[ 39.84367085  72.05501418 183.08634562  80.53237135]
63
[ 39.75838465  71.78809949 182.92218987  79.87353599]
64
[ 35.04149794  71.81523059 183.11535734  80.07593951]
65
[ 35.62551485  72.25252089 183.11004972  78.0858048 ]
66
[ 35.76045703  71.99513161 183.10546965  78.70396293]
67
[ 35.47773886  72.11040443 183.1098806   79.9855091 ]
68
[ 35.04149794  71.81523059 183.11535734  80.07593951]
69
[ 37.02862226  71.64282606 183.10963317  79.25295745]
70
[ 35.22270004  71.80562    183.10985627  77.89611336]
71
[ 35.58725128  71.79182694 183.10942473  79.87566346]
72
[ 36.94332006  71.96381181 183.10946751  79.72024015]
73
[ 35.62381458  72.21004546 183.11006887  79.79174288]
74
[ 35.99828368  71.98551052 183.10956957  79.80290853]
75
[ 35.6883613   71.90102724 183.10951406  79.89201989]
76
[ 35.56762865  72.431291   183.11143095  79.65389368]
77
[ 35.90165192  71.72730427 183.10964526  79.99253457]
78
[ 35.63319065  72.36052526 183.10988799  80.02877888]
79
[ 35.70089394  71.77887252 183.10997127  79.71341141]
80
[ 35.70968943  72.25801764 183.1097184   79.84925443]
81
[ 35.76173541  71.75010105 183.1098007   79.91914061]
82
[ 35.72562359  71.84982981 183.10956969  79.8441679 ]
83
[ 35.41961612  71.91195998 183.10997754  79.86278621]
84
[ 35.72562359  71.84982981 183.10956969  79.8441679 ]
85
[ 35.7631093   71.87245356 183.10958287  79.83796092]
86
[ 35.86201281  71.9670209  183.11006427  79.92381332]
87
[ 35.73677972  71.88049297 183.10978789  79.92663745]
88
[ 35.75647687  71.76594688 183.10934827  79.89235072]
89
[ 35.7546691   71.88450464 183.10989185  79.82422332]
90
[ 35.76173541  71.75010105 183.1098007   79.91914061]
91
[ 35.75833211  71.88114298 183.10953089  79.86305856]
92
[ 35.74552607  71.8616474  183.10998741  79.87835926]
93
[ 35.74877806  71.86136914 183.1098079   79.95593946]
94
[ 35.76498865  71.82063167 183.10986442  79.88156308]
95
[ 35.76469045  71.84833687 183.10894667  80.03836953]
96
[ 35.77081935  71.85908436 183.10847076  80.00605491]
97
[ 35.74805478  71.81456816 183.11005059  79.87724517]
98
[ 35.77081935  71.85908436 183.10847076  80.00605491]
99
[ 35.75603659  71.82676986 183.10862378  79.77018454]
100
[ 35.73606209  71.82087735 183.10940999  80.0330956 ]
101
[ 35.76694121  71.85982983 183.11030542  80.07758893]
102
[ 35.73653804  71.82039728 183.10934537  80.02060212]
103
[ 35.76597873  71.8094194  183.11013422  79.9035804 ]
104
[ 35.73606209  71.82087735 183.10940999  80.0330956 ]
105
[ 35.7589971   71.81231601 183.1090207   79.91907289]
106
[ 35.76540586  71.82201346 183.11003004  79.94155164]
107
[ 35.76269752  71.82680333 183.10972763  79.9469399 ]
108
[ 35.76429094  71.82021383 183.10976767  79.94769702]
109
[ 35.78093051  71.82367439 183.11087903  79.94061237]
110
[ 35.76329307  71.81879836 183.10977858  79.94262175]
111
[ 35.76911238  71.82019974 183.10953655  79.93383599]
112
[ 35.76911238  71.82019974 183.10953655  79.93383599]
113
[ 35.7668453   71.82021589 183.10974663  79.93622347]
114
[ 35.76578566  71.82022477 183.10963897  79.9427158 ]
115
[ 35.76484997  71.82024109 183.10953954  79.94486484]
116
[ 35.76932651  71.82014256 183.10966441  79.94633979]
117
[ 35.76578566  71.82022477 183.10963897  79.9427158 ]
118
[ 35.76501121  71.82025794 183.10952895  79.94298186]
119
[ 35.76490876  71.82024971 183.10969189  79.94662011]
120
[ 35.76258936  71.82024956 183.10966131  79.94475407]
121
[ 35.76319838  71.82024972 183.10969096  79.9443907 ]
122
[ 35.76370261  71.82024985 183.10972718  79.94475569]
123
[ 35.7637117   71.82024988 183.10970029  79.94438928]
124
[ 35.76293187  71.82014205 183.10946192  79.94702926]
125
[ 35.76353872  71.82023334 183.10959867  79.9437675 ]
126
[ 35.76423594  71.82025152 183.10954424  79.94274485]
127
[ 35.76432037  71.82025199 183.1095551   79.94305362]
128
[ 35.76501121  71.82025794 183.10952895  79.94298186]
129
[ 35.76353872  71.82023334 183.10959867  79.9437675 ]
130
[ 35.76515656  71.82026128 183.10964722  79.94395903]
131
[ 35.76489577  71.82026073 183.10965552  79.9419168 ]
132
[ 35.76489577  71.82026073 183.10965552  79.9419168 ]
133
[ 35.76489455  71.82026004 183.10965267  79.94211891]
134
[ 35.76471471  71.82026014 183.10954206  79.94295328]
135
[ 35.76471471  71.82026014 183.10954206  79.94295328]
136
[ 35.76425353  71.82025542 183.1095332   79.94281779]
137
[ 35.76346612  71.82025719 183.1096567   79.94372644]
138
[ 35.76371856  71.82025748 183.10954676  79.94417261]
139
[ 35.76371856  71.82025748 183.10954676  79.94417261]
140
[ 35.76377736  71.82025911 183.10953394  79.94235411]
141
[ 35.76339258  71.82025059 183.10953883  79.9427541 ]
142
[ 35.76358626  71.82025906 183.10953007  79.94297565]
143
[ 35.76371998  71.82025906 183.10955781  79.94296535]
144
[ 35.76358626  71.82025906 183.10953007  79.94297565]
145
[ 35.76361405  71.82025904 183.10957035  79.94273182]
146
[ 35.76358795  71.82024966 183.10953177  79.94277502]
147
[ 35.76371533  71.82025767 183.1095601   79.9427646 ]
148
[ 35.76371998  71.82025906 183.10955781  79.94296535]
149
[ 35.76376718  71.82025551 183.10955676  79.94295095]
150
[ 35.76374379  71.82025602 183.10955711  79.94301578]
151
[ 35.76364015  71.82025109 183.10955814  79.94281865]
152
[ 35.76374379  71.82025602 183.10955711  79.94301578]
153
[ 35.7637306   71.82024909 183.10955965  79.94279737]
154
[ 35.76289205  71.82025663 183.10955672  79.94302688]
155
[ 35.76321015  71.82025487 183.10956404  79.94277689]
156
[ 35.76265035  71.82025541 183.1095565   79.94270813]
157
[ 35.76265035  71.82025541 183.1095565   79.94270813]
158
[ 35.76367007  71.82025425 183.10955935  79.94275838]
159
[ 35.76366758  71.8202568  183.10956039  79.94282086]
160
[ 35.763622    71.82025564 183.10955696  79.9426883 ]
161
[ 35.76366758  71.8202568  183.10956039  79.94282086]
162
[ 35.763622    71.82025564 183.10955696  79.9426883 ]
163
[ 35.76377504  71.82026185 183.1095607   79.94290652]
164
[ 35.76375501  71.82025153 183.10955998  79.9431568 ]
165
[ 35.76366668  71.82026122 183.10956012  79.94330741]
166
[ 35.76366778  71.82025443 183.10955901  79.94281749]
167
[ 35.76369318  71.82025105 183.10955999  79.94334322]
168
[ 35.76368727  71.82025071 183.10955913  79.94319329]
169
[ 35.76376813  71.82025278 183.10955999  79.94322759]
170
[ 35.76363984  71.82024999 183.10955989  79.94319091]
171
[ 35.76365518  71.82025197 183.10956022  79.94272131]
172
[ 35.76355417  71.82025492 183.10955941  79.94293572]
173
[ 35.76364505  71.82025085 183.10955899  79.94322815]
174
[ 35.7637644   71.82025179 183.10955984  79.94338621]
175
[ 35.76364029  71.82025035 183.10955935  79.94329405]
176
[ 35.76365518  71.82025197 183.10956022  79.94272131]
177
[ 35.76367686  71.82025106 183.10955965  79.94291499]
178
[ 35.76357321  71.82025434 183.10955956  79.94333555]
179
[ 35.76358689  71.82025445 183.10955968  79.94297765]
180
[ 35.76357735  71.82025107 183.10955983  79.94336293]
181
[ 35.76357371  71.82025514 183.1095599   79.94326041]
182
[ 35.76357735  71.82025107 183.10955983  79.94336293]
183
[ 35.76357735  71.82025107 183.10955983  79.94336293]
184
[ 35.76356312  71.82024945 183.10955961  79.94336874]
185
[ 35.76357679  71.82025448 183.10955959  79.94332672]
186
[ 35.76356428  71.82024837 183.10955962  79.94333347]
187
[ 35.7635673   71.82025467 183.10955962  79.9433254 ]
188
[ 35.76357631  71.82025421 183.10955971  79.94335202]
189
[ 35.7635737   71.82025438 183.1095597   79.94332835]
190
[ 35.76357764  71.82025075 183.1095598   79.94332988]
191
[ 35.76357605  71.82025286 183.10955973  79.94332703]
192
[ 35.7635744   71.82025395 183.10955969  79.94331286]
193
[ 35.76357855  71.8202546  183.10955971  79.94331141]
194
[ 35.76358033  71.8202542  183.1095596   79.94333699]
195
[ 35.76357624  71.82025231 183.10955972  79.94333178]
196
[ 35.76357179  71.82025544 183.10955971  79.9433361 ]
197
[ 35.76357179  71.82025544 183.10955971  79.9433361 ]
198
[ 35.76358032  71.82025383 183.10955974  79.94333574]
199
[ 35.76357764  71.82025075 183.1095598   79.94332988]
200
[ 35.76358032  71.82025383 183.10955974  79.94333574]
201
[ 35.76358032  71.82025383 183.10955974  79.94333574]
202
[ 35.76357692  71.82025569 183.10955972  79.94333838]
203
[ 35.76357172  71.82025268 183.10955976  79.94332328]
204
[ 35.76357699  71.82025217 183.1095598   79.94333637]
205
[ 35.76356949  71.82025303 183.10955977  79.94333598]
206
[ 35.76357686  71.82025306 183.10955982  79.94333711]
207
[ 35.76357182  71.8202528  183.10955981  79.94333852]
208
[ 35.76357182  71.8202528  183.10955981  79.94333852]
209
[ 35.76357036  71.82025316 183.10955972  79.94333753]
210
[ 35.76357703  71.82025205 183.1095598   79.94333643]
211
[ 35.76356601  71.82025346 183.10955976  79.94333537]
212
[ 35.7635718   71.82025355 183.10955973  79.94334084]
213
[ 35.76356841  71.82025327 183.10955974  79.94333739]
214
[ 35.76356841  71.82025327 183.10955974  79.94333739]
215
[ 35.76356386  71.82025137 183.10955975  79.94333709]
216
[ 35.76358941  71.82025155 183.10955972  79.94333688]
217
[ 35.76356615  71.82025393 183.10955973  79.94333752]
218
[ 35.76356682  71.82025374 183.10955972  79.9433384 ]
219
[ 35.76356856  71.82025399 183.10955974  79.94333732]
220
[ 35.76358591  71.82025431 183.10955972  79.9433394 ]
221
[ 35.76356978  71.82025064 183.10955973  79.94334057]
222
[ 35.763566    71.82025373 183.10955975  79.94333957]
223
[ 35.76357213  71.82025488 183.10955974  79.94333804]
224
[ 35.76356506  71.8202554  183.10955972  79.94333982]
225
[ 35.763566    71.82025373 183.10955975  79.94333957]
226
[ 35.76357159  71.82025717 183.10955977  79.94333933]
227
[ 35.76356685  71.82024956 183.10955976  79.94333976]
228
[ 35.76357159  71.82025717 183.10955977  79.94333933]
229
[ 35.76357159  71.82025717 183.10955977  79.94333933]
230
[ 35.76356763  71.82025929 183.10955989  79.94333995]
231
[ 35.76357143  71.8202576  183.10955977  79.94333671]
232
[ 35.76356975  71.82024893 183.10955974  79.94333921]
233
[ 35.76356975  71.82024893 183.10955974  79.94333921]
234
[ 35.76357213  71.82025488 183.10955974  79.94333804]
235
[ 35.76356537  71.82025081 183.10955974  79.94333931]
236
[ 35.76356537  71.82025081 183.10955974  79.94333931]
237
[ 35.76356975  71.82024893 183.10955974  79.94333921]
238
[ 35.76357442  71.82025013 183.10955978  79.94333975]
239
[ 35.76356464  71.82025179 183.10955973  79.94333902]
240
[ 35.76356665  71.82025371 183.10955972  79.94333842]
241
[ 35.76356646  71.82025299 183.10955979  79.94333897]
242
[ 35.76356706  71.82025557 183.10955974  79.94333837]
243
[ 35.76356594  71.82025426 183.10955974  79.943338  ]
244
[ 35.76356535  71.82025147 183.10955979  79.94333898]
245
[ 35.76356596  71.82025499 183.10955974  79.94333746]
246
[ 35.76356682  71.82024683 183.10955978  79.94333962]
247
[ 35.76356682  71.82024683 183.10955978  79.94333962]
248
[ 35.76356733  71.82024424 183.10955977  79.94333845]
249
[ 35.76356683  71.82023851 183.10955978  79.94333977]
250
[ 35.76356707  71.82024726 183.10955979  79.94333927]
251
[ 35.76356709  71.82024754 183.10955978  79.94333925]
252
[ 35.76356801  71.82024636 183.10955977  79.94333857]
253
[ 35.76356833  71.82024868 183.10955977  79.94333853]
254
[ 35.76356718  71.82024811 183.10955977  79.94333914]
255
[ 35.76356701  71.8202481  183.10955978  79.94333947]
256
[ 35.76356823  71.82024871 183.10955977  79.94333846]
257
[ 35.76356808  71.8202486  183.10955977  79.94333851]
258
[ 35.76356696  71.82025243 183.10955974  79.94333965]
259
[ 35.76356744  71.8202485  183.10955978  79.94333853]
260
[ 35.76356735  71.82024855 183.10955977  79.94333855]
261
[ 35.76356728  71.82024995 183.10955979  79.94333901]
262
[ 35.76356728  71.82024995 183.10955979  79.94333901]
263
[ 35.76356813  71.8202486  183.10955977  79.94333843]
264
[ 35.76356821  71.82024812 183.10955978  79.94333888]
265
[ 35.76356824  71.8202488  183.10955978  79.94333906]
266
[ 35.76356794  71.82024826 183.10955979  79.94333902]
267
[ 35.76356773  71.82024833 183.10955978  79.94333847]
268
[ 35.76356834  71.8202481  183.10955977  79.94333889]
269
[ 35.76356698  71.8202506  183.10955978  79.94333875]
270
[ 35.76356762  71.82025135 183.10955978  79.94333896]
271
[ 35.7635688   71.82024819 183.10955979  79.94333905]
272
[ 35.76356758  71.82025087 183.10955978  79.94333869]
273
[ 35.76356825  71.82024838 183.10955978  79.94333904]
274
[ 35.76356786  71.82025375 183.10955979  79.94333712]
275
[ 35.76356774  71.82025078 183.10955978  79.94333853]
276
[ 35.76356767  71.82025111 183.10955978  79.94333845]
277
[ 35.76356767  71.82025245 183.10955978  79.94333851]
278
[ 35.76356763  71.82025244 183.10955978  79.94333845]
279
[ 35.76356777  71.820251   183.10955978  79.94333841]
280
[ 35.76356769  71.82024913 183.10955978  79.94333842]
281
[ 35.7635681   71.82024833 183.10955978  79.94333844]
282
[ 35.76356771  71.82025218 183.10955978  79.94333851]
283
[ 35.76356783  71.82025216 183.10955978  79.94333851]
284
[ 35.76356768  71.82024935 183.10955978  79.94333867]
285
[ 35.76356783  71.82025216 183.10955978  79.94333851]
286
[ 35.76356764  71.82025308 183.10955978  79.94333867]
287
[ 35.76356781  71.82025035 183.10955978  79.94333852]
288
[ 35.76356783  71.82025009 183.10955978  79.94333852]
289
[ 35.76356766  71.82025286 183.10955978  79.94333872]
290
[ 35.76356781  71.82025035 183.10955978  79.94333852]
291
[ 35.76356765  71.82025321 183.10955978  79.94333865]
292
[ 35.76356778  71.82025035 183.10955978  79.94333852]
293
[ 35.76356781  71.82025192 183.10955978  79.94333855]
294
[ 35.76356754  71.8202522  183.10955978  79.94333848]
295
[ 35.76356784  71.820252   183.10955978  79.94333847]
296
[ 35.76356764  71.82025126 183.10955978  79.94333847]
297
[ 35.76356763  71.82024996 183.10955978  79.94333846]
298
[ 35.76356773  71.82025014 183.10955978  79.94333847]
299
[ 35.76356763  71.8202503  183.10955978  79.94333861]
300
[ 35.7635678   71.82025182 183.10955978  79.94333855]
301
[ 35.76356762  71.82025044 183.10955978  79.94333846]
302
[ 35.76356778  71.8202524  183.10955978  79.94333854]
303
[ 35.76356771  71.82025079 183.10955978  79.94333857]
304
[ 35.76356767  71.82025141 183.10955978  79.94333841]
305
[ 35.7635678   71.82025182 183.10955978  79.94333848]
306
[ 35.76356762  71.82024877 183.10955978  79.94333845]
307
[ 35.76356777  71.82024997 183.10955978  79.94333843]
308
[ 35.76356768  71.82024865 183.10955978  79.94333851]
309
[ 35.76356769  71.82025135 183.10955978  79.94333867]
310
[ 35.7635676   71.82025183 183.10955978  79.94333847]
311
[ 35.76356767  71.82024799 183.10955978  79.94333839]
312
[ 35.76356766  71.82025049 183.10955978  79.94333842]
313
[ 35.76356763  71.8202505  183.10955978  79.94333842]
314
[ 35.76356765  71.82024946 183.10955978  79.9433384 ]
315
[ 35.76356765  71.82024946 183.10955978  79.9433384 ]
316
[ 35.76356766  71.82024998 183.10955978  79.94333842]
317
[ 35.76356766  71.82025232 183.10955978  79.94333842]
318
[ 35.76356766  71.82025232 183.10955978  79.94333842]
319
[ 35.76356766  71.82025171 183.10955978  79.94333841]
320
[ 35.76356766  71.82025165 183.10955978  79.94333841]
321
[ 35.76356766  71.82025156 183.10955978  79.94333841]
322
[ 35.76356766  71.82025207 183.10955978  79.94333842]
323
[ 35.76356766  71.82025242 183.10955978  79.94333843]
324
[ 35.76356766  71.82025083 183.10955978  79.94333842]
325
[ 35.76356766  71.82025083 183.10955978  79.94333842]
326
[ 35.76356766  71.82025246 183.10955978  79.94333842]
327
[ 35.76356766  71.82025256 183.10955978  79.94333842]
328
[ 35.76356766  71.82025166 183.10955978  79.94333842]
329
[ 35.76356766  71.82025225 183.10955978  79.94333842]
330
[ 35.76356765  71.82025192 183.10955978  79.94333842]
331
[ 35.76356767  71.82025233 183.10955978  79.94333842]
332
[ 35.76356767  71.82025289 183.10955978  79.94333842]
333
[ 35.76356767  71.82025183 183.10955978  79.94333842]
334
[ 35.76356766  71.82025217 183.10955978  79.94333842]
335
[ 35.76356765  71.82025182 183.10955978  79.94333842]
336
[ 35.76356766  71.82025289 183.10955978  79.94333842]
337
[ 35.76356766  71.82025283 183.10955978  79.94333842]
338
[ 35.76356766  71.82025216 183.10955978  79.94333842]
339
[ 35.76356767  71.82025208 183.10955978  79.94333842]
340
[ 35.76356767  71.82025375 183.10955978  79.94333842]
341
[ 35.76356766  71.8202521  183.10955978  79.94333842]
342
[ 35.76356767  71.82025399 183.10955978  79.94333841]
343
[ 35.76356766  71.82025354 183.10955978  79.94333842]
344
[ 35.76356765  71.82025402 183.10955978  79.94333842]
345
[ 35.76356765  71.82025378 183.10955978  79.94333842]
346
[ 35.76356765  71.82025379 183.10955978  79.94333841]
347
[ 35.76356765  71.82025368 183.10955978  79.94333842]
348
[ 35.76356765  71.8202541  183.10955978  79.94333842]
349
[ 35.76356765  71.82025339 183.10955978  79.94333842]
350
[ 35.76356765  71.82025383 183.10955978  79.94333842]
351
[ 35.76356765  71.82025293 183.10955978  79.94333842]
352
[ 35.76356765  71.82025274 183.10955978  79.94333842]
353
[ 35.76356765  71.82025287 183.10955978  79.94333842]
354
[ 35.76356765  71.82025304 183.10955978  79.94333842]
355
[ 35.76356765  71.82025339 183.10955978  79.94333841]
356
[ 35.76356765  71.82025304 183.10955978  79.94333842]
357
[ 35.76356765  71.82025298 183.10955978  79.94333842]
358
[ 35.76356765  71.82025338 183.10955978  79.94333842]
359
[ 35.76356765  71.82025341 183.10955978  79.94333842]
360
[ 35.76356765  71.82025341 183.10955978  79.94333842]
361
[ 35.76356765  71.82025321 183.10955978  79.94333842]
362
[ 35.76356765  71.8202525  183.10955978  79.94333842]
363
[ 35.76356765  71.82025265 183.10955978  79.94333842]
364
[ 35.76356765  71.8202529  183.10955978  79.94333842]
365
[ 35.76356765  71.82025334 183.10955978  79.94333842]
366
[ 35.76356765  71.82025326 183.10955978  79.94333842]
367
[ 35.76356765  71.82025341 183.10955978  79.94333842]
368
[ 35.76356765  71.8202529  183.10955978  79.94333842]
369
[ 35.76356765  71.82025309 183.10955978  79.94333842]
370
[ 35.76356765  71.82025334 183.10955978  79.94333842]
371
[ 35.76356765  71.82025333 183.10955978  79.94333842]
372
[ 35.76356765  71.82025333 183.10955978  79.94333842]
373
[ 35.76356765  71.82025305 183.10955978  79.94333842]
374
[ 35.76356765  71.82025347 183.10955978  79.94333842]
375
[ 35.76356765  71.82025335 183.10955978  79.94333842]
376
[ 35.76356765  71.82025351 183.10955978  79.94333842]
377
[ 35.76356765  71.82025326 183.10955978  79.94333842]
378
[ 35.76356765  71.82025322 183.10955978  79.94333842]
379
[ 35.76356765  71.82025327 183.10955978  79.94333842]
380
[ 35.76356765  71.82025323 183.10955978  79.94333842]
381
[ 35.76356765  71.82025318 183.10955978  79.94333842]
382
[ 35.76356765  71.82025319 183.10955978  79.94333842]
383
[ 35.76356765  71.82025327 183.10955978  79.94333842]
384
[ 35.76356765  71.82025319 183.10955978  79.94333842]
385
[ 35.76356765  71.82025334 183.10955978  79.94333842]
386
[ 35.76356765  71.82025336 183.10955978  79.94333842]
387
[ 35.76356765  71.82025334 183.10955978  79.94333842]
388
[ 35.76356765  71.82025322 183.10955978  79.94333842]
389
[ 35.76356765  71.82025334 183.10955978  79.94333842]
390
[ 35.76356765  71.82025332 183.10955978  79.94333842]
391
[ 35.76356765  71.8202533  183.10955978  79.94333842]
392
[ 35.76356765  71.82025336 183.10955978  79.94333842]
393
[ 35.76356765  71.8202533  183.10955978  79.94333842]
394
[ 35.76356765  71.8202533  183.10955978  79.94333842]
395
[ 35.76356765  71.82025327 183.10955978  79.94333842]
396
[ 35.76356765  71.82025332 183.10955978  79.94333842]
397
[ 35.76356765  71.82025336 183.10955978  79.94333842]
398
[ 35.76356765  71.8202533  183.10955978  79.94333842]
399
[ 35.76356765  71.8202533  183.10955978  79.94333842]
400
[ 35.76356765  71.82025337 183.10955978  79.94333842]
401
[ 35.76356765  71.82025325 183.10955978  79.94333842]
402
[ 35.76356765  71.82025331 183.10955978  79.94333842]
403
[ 35.76356765  71.82025334 183.10955978  79.94333842]
404
[ 35.76356765  71.82025331 183.10955978  79.94333842]
405
[ 35.76356765  71.82025334 183.10955978  79.94333842]
406
[ 35.76356765  71.82025331 183.10955978  79.94333842]
407
[ 35.76356765  71.82025331 183.10955978  79.94333842]
408
[ 35.76356765  71.82025333 183.10955978  79.94333842]
409
[ 35.76356765  71.8202533  183.10955978  79.94333842]
410
[ 35.76356765  71.82025335 183.10955978  79.94333842]
411
[ 35.76356765  71.8202533  183.10955978  79.94333842]
412
[ 35.76356765  71.82025335 183.10955978  79.94333842]
413
[ 35.76356765  71.82025334 183.10955978  79.94333842]
414
[ 35.76356765  71.82025333 183.10955978  79.94333842]
415
[ 35.76356765  71.82025333 183.10955978  79.94333842]
416
[ 35.76356765  71.82025335 183.10955978  79.94333842]
417
[ 35.76356765  71.82025334 183.10955978  79.94333842]
418
[ 35.76356765  71.82025333 183.10955978  79.94333842]
419
[ 35.76356765  71.82025333 183.10955978  79.94333842]
420
[ 35.76356765  71.82025335 183.10955978  79.94333842]
421
[ 35.76356765  71.82025333 183.10955978  79.94333842]
422
[ 35.76356765  71.82025333 183.10955978  79.94333842]
423
[ 35.76356765  71.82025332 183.10955978  79.94333842]
424
[ 35.76356765  71.82025332 183.10955978  79.94333842]
425
[ 35.76356765  71.82025332 183.10955978  79.94333842]
426
[ 35.76356765  71.82025333 183.10955978  79.94333842]
427
[ 35.76356765  71.82025335 183.10955978  79.94333842]
428
[ 35.76356765  71.82025333 183.10955978  79.94333842]
429
[ 35.76356765  71.82025333 183.10955978  79.94333842]
430
[ 35.76356765  71.82025332 183.10955978  79.94333842]
431
[ 35.76356765  71.82025332 183.10955978  79.94333842]
432
[ 35.76356765  71.82025331 183.10955978  79.94333842]
433
[ 35.76356765  71.82025332 183.10955978  79.94333842]
434
[ 35.76356765  71.82025332 183.10955978  79.94333842]
435
[ 35.76356765  71.82025333 183.10955978  79.94333842]
436
[ 35.76356765  71.82025333 183.10955978  79.94333842]
437
[ 35.76356765  71.82025335 183.10955978  79.94333842]
438
[ 35.76356765  71.82025333 183.10955978  79.94333842]
439
[ 35.76356765  71.82025333 183.10955978  79.94333842]
440
[ 35.76356765  71.82025333 183.10955978  79.94333842]
441
[ 35.76356765  71.82025334 183.10955978  79.94333842]
442
[ 35.76356765  71.82025333 183.10955978  79.94333842]
443
[ 35.76356765  71.82025333 183.10955978  79.94333842]
444
[ 35.76356765  71.82025333 183.10955978  79.94333842]
445
[ 35.76356765  71.82025333 183.10955978  79.94333842]
446
[ 35.76356765  71.82025333 183.10955978  79.94333842]
447
[ 35.76356765  71.82025332 183.10955978  79.94333842]
448
[ 35.76356765  71.82025333 183.10955978  79.94333842]
449
[ 35.76356765  71.82025333 183.10955978  79.94333842]
450
[ 35.76356765  71.82025333 183.10955978  79.94333842]
451
[ 35.76356765  71.82025333 183.10955978  79.94333842]
452
[ 35.76356765  71.82025333 183.10955978  79.94333842]
453
[ 35.76356765  71.82025333 183.10955978  79.94333842]
454
[ 35.76356765  71.82025333 183.10955978  79.94333842]
455
[ 35.76356765  71.82025333 183.10955978  79.94333842]
456
[ 35.76356765  71.82025333 183.10955978  79.94333842]
457
[ 35.76356765  71.82025333 183.10955978  79.94333842]
458
[ 35.76356765  71.82025333 183.10955978  79.94333842]
459
[ 35.76356765  71.82025333 183.10955978  79.94333842]
460
[ 35.76356765  71.82025333 183.10955978  79.94333842]
461
[ 35.76356765  71.82025333 183.10955978  79.94333842]
462
[ 35.76356765  71.82025333 183.10955978  79.94333842]
463
[ 35.76356765  71.82025333 183.10955978  79.94333842]
464
[ 35.76356765  71.82025333 183.10955978  79.94333842]
465
[ 35.76356765  71.82025333 183.10955978  79.94333842]
466
[ 35.76356765  71.82025333 183.10955978  79.94333842]
467
[ 35.76356765  71.82025332 183.10955978  79.94333842]
468
[ 35.76356765  71.82025333 183.10955978  79.94333842]
469
[ 35.76356765  71.82025333 183.10955978  79.94333842]
470
[ 35.76356765  71.82025333 183.10955978  79.94333842]
471
[ 35.76356765  71.82025333 183.10955978  79.94333842]
472
[ 35.76356765  71.82025333 183.10955978  79.94333842]
473
[ 35.76356765  71.82025333 183.10955978  79.94333842]
474
[ 35.76356765  71.82025333 183.10955978  79.94333842]
475
[ 35.76356765  71.82025333 183.10955978  79.94333842]
476
[ 35.76356765  71.82025332 183.10955978  79.94333842]
477
[ 35.76356765  71.82025332 183.10955978  79.94333842]
478
[ 35.76356765  71.82025333 183.10955978  79.94333842]
479
[ 35.76356765  71.82025332 183.10955978  79.94333842]
480
[ 35.76356765  71.82025332 183.10955978  79.94333842]
481
[ 35.76356765  71.82025333 183.10955978  79.94333842]
482
[ 35.76356765  71.82025332 183.10955978  79.94333842]
483
[ 35.76356765  71.82025332 183.10955978  79.94333842]
484
[ 35.76356765  71.82025332 183.10955978  79.94333842]
485
[ 35.76356765  71.82025332 183.10955978  79.94333842]
486
[ 35.76356765  71.82025332 183.10955978  79.94333842]
487
[ 35.76356765  71.82025332 183.10955978  79.94333842]
488
[ 35.76356765  71.82025332 183.10955978  79.94333842]
489
[ 35.76356765  71.82025332 183.10955978  79.94333842]
490
[ 35.76356765  71.82025332 183.10955978  79.94333842]
491
[ 35.76356765  71.82025332 183.10955978  79.94333842]
492
[ 35.76356765  71.82025332 183.10955978  79.94333842]
493
[ 35.76356765  71.82025332 183.10955978  79.94333842]
494
[ 35.76356765  71.82025332 183.10955978  79.94333842]
495
[ 35.76356765  71.82025332 183.10955978  79.94333842]
496
[ 35.76356765  71.82025332 183.10955978  79.94333842]
497
[ 35.76356765  71.82025332 183.10955978  79.94333842]
498
[ 35.76356765  71.82025332 183.10955978  79.94333842]
499
[ 35.76356765  71.82025332 183.10955978  79.94333842]

プロセスは終了コード 0 で終了しました
