0
[-21.02175789  70.78071855 184.13900142  97.44541504]
1
[-21.02175789  70.78071855 184.13900142  97.44541504]
2
[-21.02175789  70.78071855 184.13900142  97.44541504]
3
[ 11.56715147  74.43432087 186.33755807  88.22653569]
4
[-21.02175789  70.78071855 184.13900142  97.44541504]
5
[-21.02175789  70.78071855 184.13900142  97.44541504]
6
[ 11.56715147  74.43432087 186.33755807  88.22653569]
7
[-18.05168908  78.79873186 179.82312743  82.94041903]
8
[ 21.94717059 100.96449946 176.28406195  83.36477058]
9
[ 11.56715147  74.43432087 186.33755807  88.22653569]
10
[ 14.74886053  87.70427552 176.98017398  82.43400298]
11
[-21.02175789  70.78071855 184.13900142  97.44541504]
12
[ -8.41418429  84.59060884 180.74749461 103.67521186]
13
[-21.02175789  70.78071855 184.13900142  97.44541504]
14
[ -8.86722169  85.73264537 188.22916309  87.84556579]
15
[ 11.56715147  74.43432087 186.33755807  88.22653569]
16
[ 12.4300513   88.00814149 173.37998125  82.61933851]
17
[ 11.56715147  74.43432087 186.33755807  88.22653569]
18
[-21.02175789  70.78071855 184.13900142  97.44541504]
19
[-21.02175789  70.78071855 184.13900142  97.44541504]
20
[-21.02175789  70.78071855 184.13900142  97.44541504]
21
[ 12.4300513   88.00814149 173.37998125  82.61933851]
22
[-21.02175789  70.78071855 184.13900142  97.44541504]
23
[-21.02175789  70.78071855 184.13900142  97.44541504]
24
[-16.76739366  73.71163065 174.08835993  89.72535707]
25
[-16.76739366  73.71163065 174.08835993  89.72535707]
26
[-16.76739366  73.71163065 174.08835993  89.72535707]
27
[ 16.74098186  70.92697575 172.26633022  88.25422595]
28
[ 22.61280704  93.91030928 170.22205031  82.5632956 ]
29
[-12.1667355   69.6088557  186.29469501  87.5512045 ]
30
[-15.45529815  65.10904203 189.04944652  82.80200379]
31
[ -7.42875646  80.63102697 169.36034166  86.16613389]
32
[-15.45529815  65.10904203 189.04944652  82.80200379]
33
[-15.45529815  65.10904203 189.04944652  82.80200379]
34
[-21.02175789  70.78071855 184.13900142  97.44541504]
35
[ 16.74098186  70.92697575 172.26633022  88.25422595]
36
[-21.02175789  70.78071855 184.13900142  97.44541504]
37
[-15.45529815  65.10904203 189.04944652  82.80200379]
38
[-17.31769931  73.92093089 177.40885337  97.7291638 ]
39
[102.92881965  74.14341502 207.92800943  95.28266537]
40
[-15.45529815  65.10904203 189.04944652  82.80200379]
41
[-17.31769931  73.92093089 177.40885337  97.7291638 ]
42
[-15.45529815  65.10904203 189.04944652  82.80200379]
43
[-15.45529815  65.10904203 189.04944652  82.80200379]
44
[  4.99395614  70.82203758 173.80337499  98.61042961]
45
[ 16.74098186  70.92697575 172.26633022  88.25422595]
46
[-15.45529815  65.10904203 189.04944652  82.80200379]
47
[ 16.74098186  70.92697575 172.26633022  88.25422595]
48
[-15.45529815  65.10904203 189.04944652  82.80200379]
49
[ 96.54472277  73.92291187 210.01857261  91.78908387]
50
[ 16.74098186  70.92697575 172.26633022  88.25422595]
51
[ 86.03316859  75.51838157 208.79127439  89.02318693]
52
[  4.99395614  70.82203758 173.80337499  98.61042961]
53
[-15.45529815  65.10904203 189.04944652  82.80200379]
54
[ 36.28124188  76.02051028 148.99439328  87.78713481]
55
[  4.99395614  70.82203758 173.80337499  98.61042961]
56
[ 16.74098186  70.92697575 172.26633022  88.25422595]
57
[-15.45529815  65.10904203 189.04944652  82.80200379]
58
[-15.45529815  65.10904203 189.04944652  82.80200379]
59
[ 39.17068478  73.21354138 153.64303421  94.34451335]
60
[129.4090662   85.05538664 154.65536912  92.1204746 ]
61
[129.4090662   85.05538664 154.65536912  92.1204746 ]
62
[ 39.17068478  73.21354138 153.64303421  94.34451335]
63
[ 27.09976372  70.45705588 157.00463953  92.91039961]
64
[ 59.29171367  75.54967161 143.09973209  87.67113856]
65
[ 59.29171367  75.54967161 143.09973209  87.67113856]
66
[129.4090662   85.05538664 154.65536912  92.1204746 ]
67
[ 20.31316411  72.85189861 172.47513546  83.82486602]
68
[ 39.17068478  73.21354138 153.64303421  94.34451335]
69
[129.4090662   85.05538664 154.65536912  92.1204746 ]
70
[ 36.08727814  77.32638045 150.37520715  92.95367722]
71
[ 59.29171367  75.54967161 143.09973209  87.67113856]
72
[ 27.09976372  70.45705588 157.00463953  92.91039961]
73
[ 32.31036732  69.71121789 156.238492    96.11984959]
74
[ 39.17068478  73.21354138 153.64303421  94.34451335]
75
[ 59.29171367  75.54967161 143.09973209  87.67113856]
76
[-30.81115854  71.68901432 164.55821189  98.66566627]
77
[ 32.31036732  69.71121789 156.238492    96.11984959]
78
[ 87.50757315  69.38904654 154.35968275  82.043961  ]
79
[ 31.22052102  74.69994856 159.30850324  92.93854388]
80
[-26.39593401  75.52542056 155.32515325  93.14081484]
81
[-15.45529815  65.10904203 189.04944652  82.80200379]
82
[ 59.29171367  75.54967161 143.09973209  87.67113856]
83
[-26.39593401  75.52542056 155.32515325  93.14081484]
84
[ 22.705596    61.18267403 179.55001979  77.07957387]
85
[ 59.29171367  75.54967161 143.09973209  87.67113856]
86
[ 22.705596    61.18267403 179.55001979  77.07957387]
87
[-48.07031519  68.36771293 155.23934675  94.46752581]
88
[ 22.705596    61.18267403 179.55001979  77.07957387]
89
[ 33.75621394  68.7867413  154.61491082  94.57891395]
90
[ 33.75621394  68.7867413  154.61491082  94.57891395]
91
[ 67.9133293   65.9841912  160.38154391  92.74882418]
92
[ 88.45028036  74.31421057 156.6648519   90.62088097]
93
[ 88.45028036  74.31421057 156.6648519   90.62088097]
94
[ 22.705596    61.18267403 179.55001979  77.07957387]
95
[ 30.49005988  69.0417005  156.57241806  93.62909218]
96
[ 88.45028036  74.31421057 156.6648519   90.62088097]
97
[ 32.4353358   69.72082165 154.76249911  94.70929602]
98
[ 30.71930971  70.2681338  155.40784108  92.71562594]
99
[ 22.705596    61.18267403 179.55001979  77.07957387]
100
[ 32.4353358   69.72082165 154.76249911  94.70929602]
101
[ 33.75621394  68.7867413  154.61491082  94.57891395]
102
[ 22.705596    61.18267403 179.55001979  77.07957387]
103
[ 32.4353358   69.72082165 154.76249911  94.70929602]
104
[ 32.4353358   69.72082165 154.76249911  94.70929602]
105
[ 28.97843156  68.94724765 155.69300268  95.54924582]
106
[ 33.57537441  69.01780047 154.26058315  94.53730609]
107
[ 67.9133293   65.9841912  160.38154391  92.74882418]
108
[ 22.705596    61.18267403 179.55001979  77.07957387]
109
[ 33.57537441  69.01780047 154.26058315  94.53730609]
110
[ 33.00542397  68.78778783 154.37275096  94.95788989]
111
[ 33.00542397  68.78778783 154.37275096  94.95788989]
112
[ 33.75621394  68.7867413  154.61491082  94.57891395]
113
[ 22.705596    61.18267403 179.55001979  77.07957387]
114
[ 22.705596    61.18267403 179.55001979  77.07957387]
115
[ 30.59290942  69.06311227 155.83024133  96.11177783]
116
[ 28.97843156  68.94724765 155.69300268  95.54924582]
117
[ 22.705596    61.18267403 179.55001979  77.07957387]
118
[ 32.32754363  68.93240431 156.92452454  95.92323044]
119
[ 28.95222559  68.92397484 156.41437904  95.623238  ]
120
[ 32.72743607  68.85323592 157.04133814  95.83084458]
121
[ 22.705596    61.18267403 179.55001979  77.07957387]
122
[ 28.97843156  68.94724765 155.69300268  95.54924582]
123
[ 28.97843156  68.94724765 155.69300268  95.54924582]
124
[ 30.24984265  69.08112084 153.98258198  96.3129026 ]
125
[ 28.97843156  68.94724765 155.69300268  95.54924582]
126
[ 28.97843156  68.94724765 155.69300268  95.54924582]
127
[ 28.97843156  68.94724765 155.69300268  95.54924582]
128
[ 32.32553222  68.98942814 157.00294749  95.90874246]
129
[ 28.95222559  68.92397484 156.41437904  95.623238  ]
130
[ 33.30253738  70.31345101 157.37309513  96.6017643 ]
131
[ 32.32553222  68.98942814 157.00294749  95.90874246]
132
[ 32.48917753  68.9328896  156.35156111  95.05301254]
133
[ 32.32553222  68.98942814 157.00294749  95.90874246]
134
[ 33.36582562  70.55103102 157.57250803  95.84272112]
135
[ 30.71930971  70.2681338  155.40784108  92.71562594]
136
[ 32.32553222  68.98942814 157.00294749  95.90874246]
137
[ 29.28368202  68.93335502 152.85247735  95.40060375]
138
[ 29.63265782  68.91514213 156.63979685  95.97388496]
139
[ 29.28368202  68.93335502 152.85247735  95.40060375]
140
[ 29.63265782  68.91514213 156.63979685  95.97388496]
141
[ 33.56638761  71.13912854 157.02524364  95.92948685]
142
[ 32.32754363  68.93240431 156.92452454  95.92323044]
143
[ 29.63265782  68.91514213 156.63979685  95.97388496]
144
[ 34.81566609  70.55821236 156.58862969  96.22990065]
145
[ 32.98579836  71.16486727 156.9983511   95.51230282]
146
[ 29.63265782  68.91514213 156.63979685  95.97388496]
147
[ 30.24984265  69.08112084 153.98258198  96.3129026 ]
148
[ 27.57663573  68.9318692  156.91846048  95.9511005 ]
149
[ 27.57663573  68.9318692  156.91846048  95.9511005 ]
150
[ 32.98579836  71.16486727 156.9983511   95.51230282]
151
[ 32.80899337  71.06414766 157.02411455  94.85521673]
152
[ 32.98579836  71.16486727 156.9983511   95.51230282]
153
[ 32.97093409  70.97620799 157.16372776  95.17956694]
154
[ 32.97093409  70.97620799 157.16372776  95.17956694]
155
[ 32.48917753  68.9328896  156.35156111  95.05301254]
156
[ 27.57663573  68.9318692  156.91846048  95.9511005 ]
157
[ 30.24984265  69.08112084 153.98258198  96.3129026 ]
158
[ 32.97093409  70.97620799 157.16372776  95.17956694]
159
[ 32.48917753  68.9328896  156.35156111  95.05301254]
160
[ 28.920218    68.93229638 156.92395414  95.92413002]
161
[ 32.32754363  68.93240431 156.92452454  95.92323044]
162
[ 32.78854405  69.53415914 155.38139722  95.52423287]
163
[ 28.920218    68.93229638 156.92395414  95.92413002]
164
[ 30.24984265  69.08112084 153.98258198  96.3129026 ]
165
[ 33.02487929  71.02193865 157.16281946  94.85029333]
166
[ 33.05566253  71.58085448 156.99410457  95.28784045]
167
[ 33.02487929  71.02193865 157.16281946  94.85029333]
168
[ 28.920218    68.93229638 156.92395414  95.92413002]
169
[ 27.15075692  71.68860394 157.01566849  95.220516  ]
170
[ 33.31172196  69.6617607  156.1871006   95.89363733]
171
[ 30.24984265  69.08112084 153.98258198  96.3129026 ]
172
[ 30.24984265  69.08112084 153.98258198  96.3129026 ]
173
[ 27.15075692  71.68860394 157.01566849  95.220516  ]
174
[ 33.07562514  71.15489119 156.47930848  95.20294459]
175
[ 33.02487929  71.02193865 157.16281946  94.85029333]
176
[ 28.41551895  72.53636765 156.99221177  95.46366212]
177
[ 32.65939574  69.93413518 156.59413424  95.80742473]
178
[ 33.07562514  71.15489119 156.47930848  95.20294459]
179
[ 32.32754363  68.93240431 156.92452454  95.92323044]
180
[ 30.21440597  71.40895733 152.91499155  96.04780237]
181
[ 33.02487929  71.02193865 157.16281946  94.85029333]
182
[ 32.65939574  69.93413518 156.59413424  95.80742473]
183
[ 30.84576766  68.69308721 155.81194674  96.56348851]
184
[ 32.65939574  69.93413518 156.59413424  95.80742473]
185
[ 31.94778227  71.63054968 150.95304396  95.59595002]
186
[ 30.62654119  72.63299511 156.25622379  95.51759066]
187
[ 27.15075692  71.68860394 157.01566849  95.220516  ]
188
[ 30.62654119  72.63299511 156.25622379  95.51759066]
189
[ 32.95104416  70.42654677 157.11284114  94.84277928]
190
[ 32.65939574  69.93413518 156.59413424  95.80742473]
191
[ 31.94778227  71.63054968 150.95304396  95.59595002]
192
[ 32.95104416  70.42654677 157.11284114  94.84277928]
193
[ 32.95104416  70.42654677 157.11284114  94.84277928]
194
[ 32.95104416  70.42654677 157.11284114  94.84277928]
195
[ 30.76946928  70.61060944 156.63682874  95.60053408]
196
[ 32.28605988  71.19772054 157.03123366  95.44877904]
197
[ 32.28605988  71.19772054 157.03123366  95.44877904]
198
[ 31.41865506  71.76878766 156.68191817  95.6582357 ]
199
[ 32.57751562  69.89484597 156.68833566  95.60376117]
200
[ 30.67214666  70.17645466 156.6666154   95.60129292]
201
[ 27.15075692  71.68860394 157.01566849  95.220516  ]
202
[ 32.57751562  69.89484597 156.68833566  95.60376117]
203
[ 30.68731815  70.06594441 156.67802532  95.6004209 ]
204
[ 30.68731815  70.06594441 156.67802532  95.6004209 ]
205
[ 30.73339035  72.30310709 156.67813097  95.59923144]
206
[ 27.15075692  71.68860394 157.01566849  95.220516  ]
207
[ 32.57751562  69.89484597 156.68833566  95.60376117]
208
[ 30.68731815  70.06594441 156.67802532  95.6004209 ]
209
[ 30.68731815  70.06594441 156.67802532  95.6004209 ]
210
[ 30.40285174  72.21702066 156.89729435  95.70013137]
211
[ 30.67214666  70.17645466 156.6666154   95.60129292]
212
[ 30.69267715  70.08514592 156.66113891  95.60083966]
213
[ 30.67214666  70.17645466 156.6666154   95.60129292]
214
[ 33.15982004  73.85691997 156.81932113  95.69733161]
215
[ 25.93958169  71.44008588 157.09729251  95.3022944 ]
216
[ 30.94551028  69.75935209 156.67359203  95.60244894]
217
[ 32.94388255  68.95771263 157.13864517  95.64924391]
218
[ 25.93958169  71.44008588 157.09729251  95.3022944 ]
219
[ 31.94918827  72.03486647 156.82315567  95.634793  ]
220
[ 32.77958309  70.77405079 156.69967774  95.6375719 ]
221
[ 30.69267715  70.08514592 156.66113891  95.60083966]
222
[ 32.16434962  68.2828521  156.69862087  95.55982977]
223
[ 33.15982004  73.85691997 156.81932113  95.69733161]
224
[ 31.63926252  72.89592056 156.7469349   95.70463474]
225
[ 32.16434962  68.2828521  156.69862087  95.55982977]
226
[ 24.02506979  69.51172851 157.15334759  95.61911359]
227
[ 32.75377049  69.78046946 157.21041094  95.66328576]
228
[ 31.63926252  72.89592056 156.7469349   95.70463474]
229
[ 32.16434962  68.2828521  156.69862087  95.55982977]
230
[ 32.16434962  68.2828521  156.69862087  95.55982977]
231
[ 32.54769014  72.03777013 156.82895052  95.59934736]
232
[ 31.63926252  72.89592056 156.7469349   95.70463474]
233
[ 33.27946911  71.87433177 156.81081244  95.61100178]
234
[ 32.01172912  67.2504016  156.6585341   95.54824636]
235
[ 32.16434962  68.2828521  156.69862087  95.55982977]
236
[ 31.83283058  72.98666642 157.03252916  95.71349337]
237
[ 31.83283058  72.98666642 157.03252916  95.71349337]
238
[ 25.93958169  71.44008588 157.09729251  95.3022944 ]
239
[ 33.27946911  71.87433177 156.81081244  95.61100178]
240
[ 32.01172912  67.2504016  156.6585341   95.54824636]
241
[ 33.50226459  69.31387916 157.06317128  95.56156202]
242
[ 32.01172912  67.2504016  156.6585341   95.54824636]
243
[ 32.42094156  67.46020375 156.75767101  95.57839621]
244
[ 33.2528593   69.28869481 157.006576    95.59622554]
245
[ 26.28308095  72.28203194 156.92207346  95.43381572]
246
[ 32.42094156  67.46020375 156.75767101  95.57839621]
247
[ 33.43369521  69.43643474 157.08055016  95.55318311]
248
[ 32.52667705  67.24611595 156.67529372  95.5711177 ]
249
[ 33.44687868  70.40368425 156.88357483  95.52658511]
250
[ 32.42094156  67.46020375 156.75767101  95.57839621]
251
[ 32.01172912  67.2504016  156.6585341   95.54824636]
252
[ 34.24814928  65.27347074 156.72090017  95.53734515]
253
[ 31.82390952  67.25648246 156.73631206  95.56635699]
254
[ 32.0751616   67.37558387 156.7058272   95.55928201]
255
[ 32.42094156  67.46020375 156.75767101  95.57839621]
256
[ 33.43369521  69.43643474 157.08055016  95.55318311]
257
[ 32.80920647  71.25970213 156.71054236  95.51554444]
258
[ 32.86233051  71.52365335 156.71771349  95.59756775]
259
[ 32.0751616   67.37558387 156.7058272   95.55928201]
260
[ 32.0751616   67.37558387 156.7058272   95.55928201]
261
[ 32.80920647  71.25970213 156.71054236  95.51554444]
262
[ 32.86233051  71.52365335 156.71771349  95.59756775]
263
[ 33.04764527  69.25127057 156.65907825  95.56953295]
264
[ 32.39580659  66.55596292 156.75115389  95.57592594]
265
[ 32.49529028  67.36985771 156.68057458  95.55399844]
266
[ 32.39580659  66.55596292 156.75115389  95.57592594]
267
[ 32.39580659  66.55596292 156.75115389  95.57592594]
268
[ 32.51293102  71.44611417 156.72062508  95.63822424]
269
[ 32.39580659  66.55596292 156.75115389  95.57592594]
270
[ 32.49021358  70.92932318 156.73788351  95.50542965]
271
[ 32.63964665  73.43611135 156.70178151  95.51389416]
272
[ 32.83246139  72.72365066 156.67376599  95.53040583]
273
[ 32.42094156  67.46020375 156.75767101  95.57839621]
274
[ 32.82918277  72.89940909 156.66461419  95.53242181]
275
[ 32.49021358  70.92932318 156.73788351  95.50542965]
276
[ 32.83246139  72.72365066 156.67376599  95.53040583]
277
[ 32.64695177  62.8098002  156.67350748  95.49806593]
278
[ 32.67922137  64.60341527 156.78476806  95.49367529]
279
[ 32.64695177  62.8098002  156.67350748  95.49806593]
280
[ 32.46672449  71.94539084 156.75783831  95.60581662]
281
[ 33.00974797  74.81769419 156.70845122  95.52929463]
282
[ 32.51293102  71.44611417 156.72062508  95.63822424]
283
[ 32.92141787  72.03900439 156.71579058  95.58735274]
284
[ 32.90004787  63.10178942 156.67457517  95.49364627]
285
[ 32.90004787  63.10178942 156.67457517  95.49364627]
286
[ 32.86897867  67.89130489 156.77032154  95.49643443]
287
[ 32.92141787  72.03900439 156.71579058  95.58735274]
288
[ 32.90004787  63.10178942 156.67457517  95.49364627]
289
[ 32.92083332  71.41513846 156.72221948  95.60912546]
290
[ 32.90004787  63.10178942 156.67457517  95.49364627]
291
[ 32.67922137  64.60341527 156.78476806  95.49367529]
292
[ 32.67922137  64.60341527 156.78476806  95.49367529]
293
[ 32.90004787  63.10178942 156.67457517  95.49364627]
294
[ 32.9487112   66.89116393 156.87107836  95.55013199]
295
[ 32.97148369  66.4618671  156.67977436  95.5199339 ]
296
[ 32.97121785  67.58164358 156.67972951  95.52051409]
297
[ 32.67922137  64.60341527 156.78476806  95.49367529]
298
[ 32.94827061  61.22015118 156.80904485  95.56667661]
299
[ 32.94827061  61.22015118 156.80904485  95.56667661]
300
[ 32.92141787  72.03900439 156.71579058  95.58735274]
301
[ 32.89312247  66.98167229 156.6590078   95.49854778]
302
[ 32.94827061  61.22015118 156.80904485  95.56667661]
303
[ 32.94827061  61.22015118 156.80904485  95.56667661]
304
[ 32.94827061  61.22015118 156.80904485  95.56667661]
305
[ 32.90202255  68.64824887 156.68872926  95.51410969]
306
[ 32.94827061  61.22015118 156.80904485  95.56667661]
307
[ 32.94827061  61.22015118 156.80904485  95.56667661]
308
[ 32.94827061  61.22015118 156.80904485  95.56667661]
309
[ 32.81633798  61.73908909 156.66456181  95.49919447]
310
[ 32.94827061  61.22015118 156.80904485  95.56667661]
311
[ 32.78726307  68.52453624 156.71423088  95.48753891]
312
[ 32.94827061  61.22015118 156.80904485  95.56667661]
313
[ 32.86578006  67.81394934 156.72446287  95.50402628]
314
[ 32.94827061  61.22015118 156.80904485  95.56667661]
315
[ 32.86578006  67.81394934 156.72446287  95.50402628]
316
[ 32.75414219  60.04791602 156.72985103  95.49507228]
317
[ 32.79748032  68.49431216 156.67306822  95.52127594]
318
[ 32.83207992  60.91199091 156.63279859  95.50002491]
319
[ 32.83207992  60.91199091 156.63279859  95.50002491]
320
[ 32.75454215  68.59356683 156.75218091  95.52483349]
321
[ 32.81633798  61.73908909 156.66456181  95.49919447]
322
[ 32.94827061  61.22015118 156.80904485  95.56667661]
323
[ 32.75454215  68.59356683 156.75218091  95.52483349]
324
[ 32.89294704  67.86311665 156.73469903  95.49560478]
325
[ 32.79748032  68.49431216 156.67306822  95.52127594]
326
[ 32.90253823  60.53953199 156.72922479  95.49546522]
327
[ 32.94827061  61.22015118 156.80904485  95.56667661]
328
[ 32.81633798  61.73908909 156.66456181  95.49919447]
329
[ 32.94827061  61.22015118 156.80904485  95.56667661]
330
[ 32.69019985  61.36346876 156.7767261   95.60037595]
331
[ 32.69019985  61.36346876 156.7767261   95.60037595]
332
[ 32.79224838  61.4009495  156.63693529  95.49914721]
333
[ 32.8629327   62.21787684 156.69866179  95.49803745]
334
[ 32.69019985  61.36346876 156.7767261   95.60037595]
335
[ 32.81633798  61.73908909 156.66456181  95.49919447]
336
[ 32.90311884  57.55503591 156.70943205  95.49672012]
337
[ 32.8629327   62.21787684 156.69866179  95.49803745]
338
[ 32.90311884  57.55503591 156.70943205  95.49672012]
339
[ 32.8629327   62.21787684 156.69866179  95.49803745]
340
[ 32.86369369  58.67885931 156.64220591  95.49806103]
341
[ 32.90588128  71.04963346 156.64084836  95.4937517 ]
342
[ 32.90164731  60.56964507 156.67926631  95.49485292]
343
[ 32.81633798  61.73908909 156.66456181  95.49919447]
344
[ 32.90311884  57.55503591 156.70943205  95.49672012]
345
[ 32.81633798  61.73908909 156.66456181  95.49919447]
346
[ 32.90311884  57.55503591 156.70943205  95.49672012]
347
[ 32.8629327   62.21787684 156.69866179  95.49803745]
348
[ 32.90164731  60.56964507 156.67926631  95.49485292]
349
[ 32.8667845   62.17805267 156.64886793  95.49653282]
350
[ 32.86369369  58.67885931 156.64220591  95.49806103]
351
[ 32.86369369  58.67885931 156.64220591  95.49806103]
352
[ 32.8667845   62.17805267 156.64886793  95.49653282]
353
[ 32.86369369  58.67885931 156.64220591  95.49806103]
354
[ 32.8667845   62.17805267 156.64886793  95.49653282]
355
[ 32.90311884  57.55503591 156.70943205  95.49672012]
356
[ 32.86946514  62.16032614 156.64683208  95.49644134]
357
[ 32.90270852  64.68328096 156.63166114  95.49335837]
358
[ 32.85076326  60.24116836 156.70428432  95.49554245]
359
[ 32.85076326  60.24116836 156.70428432  95.49554245]
360
[ 32.90311884  57.55503591 156.70943205  95.49672012]
361
[ 32.86253512  59.1764309  156.64967382  95.49678657]
362
[ 32.8619221   61.50612265 156.65173593  95.49964007]
363
[ 32.86359811  59.3128868  156.64901515  95.49632136]
364
[ 32.89308212  59.43914974 156.7537779   95.49753819]
365
[ 32.86946514  62.16032614 156.64683208  95.49644134]
366
[ 32.90209774  59.81130458 156.69851113  95.49630264]
367
[ 32.8619221   61.50612265 156.65173593  95.49964007]
368
[ 32.90311884  57.55503591 156.70943205  95.49672012]
369
[ 32.92225586  59.3180764  156.76894843  95.49647464]
370
[ 32.95282798  58.26533688 156.71498745  95.49680573]
371
[ 32.88561736  58.22785601 156.68914613  95.49941697]
372
[ 32.95282798  58.26533688 156.71498745  95.49680573]
373
[ 32.90311884  57.55503591 156.70943205  95.49672012]
374
[ 32.8906925   59.39494441 156.60502764  95.49717274]
375
[ 32.95282798  58.26533688 156.71498745  95.49680573]
376
[ 32.92225586  59.3180764  156.76894843  95.49647464]
377
[ 32.92225586  59.3180764  156.76894843  95.49647464]
378
[ 32.89725845  59.15573884 156.72903446  95.49601958]
379
[ 32.89725845  59.15573884 156.72903446  95.49601958]
380
[ 32.90126292  60.88920502 156.61796953  95.49624218]
381
[ 32.96670653  57.65930118 156.71308264  95.49674544]
382
[ 32.91751993  59.52735949 156.70886174  95.49630662]
383
[ 32.90235613  58.95024413 156.65317286  95.49621642]
384
[ 32.85807782  59.35658462 156.70964655  95.49629525]
385
[ 32.85807782  59.35658462 156.70964655  95.49629525]
386
[ 32.96670653  57.65930118 156.71308264  95.49674544]
387
[ 32.90235613  58.95024413 156.65317286  95.49621642]
388
[ 32.89244773  58.82857649 156.77648917  95.49619909]
389
[ 32.91976352  58.7676918  156.71407776  95.49633251]
390
[ 32.89502223  58.88129761 156.73195189  95.49610767]
391
[ 32.91976352  58.7676918  156.71407776  95.49633251]
392
[ 32.96670653  57.65930118 156.71308264  95.49674544]
393
[ 32.89725845  59.15573884 156.72903446  95.49601958]
394
[ 32.89725845  59.15573884 156.72903446  95.49601958]
395
[ 32.88693688  59.6083999  156.60248224  95.495824  ]
396
[ 32.89244773  58.82857649 156.77648917  95.49619909]
397
[ 32.89244773  58.82857649 156.77648917  95.49619909]
398
[ 32.91976352  58.7676918  156.71407776  95.49633251]
399
[ 32.89244773  58.82857649 156.77648917  95.49619909]
400
[ 32.96670653  57.65930118 156.71308264  95.49674544]
401
[ 32.92788064  58.76327545 156.72137956  95.49584602]
402
[ 32.92788064  58.76327545 156.72137956  95.49584602]
403
[ 32.89725845  59.15573884 156.72903446  95.49601958]
404
[ 32.92175615  59.46310403 156.65938782  95.49582779]
405
[ 32.92175615  59.46310403 156.65938782  95.49582779]
406
[ 32.96670653  57.65930118 156.71308264  95.49674544]
407
[ 32.88113858  59.2868873  156.78304235  95.49572688]
408
[ 32.96670653  57.65930118 156.71308264  95.49674544]
409
[ 32.91383011  58.58000652 156.61419838  95.49630603]
410
[ 32.91250418  59.35688713 156.64166452  95.49573571]
411
[ 32.96670653  57.65930118 156.71308264  95.49674544]
412
[ 32.91250418  59.35688713 156.64166452  95.49573571]
413
[ 32.92788064  58.76327545 156.72137956  95.49584602]
414
[ 32.93559894  59.29353713 156.73455277  95.49674838]
415
[ 32.90710193  59.21752362 156.7685108   95.49686731]
416
[ 32.91826807  59.0768665  156.7279705   95.49651366]
417
[ 32.93347366  59.07738981 156.62589005  95.49675961]
418
[ 32.91291192  59.0404093  156.81403647  95.4955901 ]
419
[ 32.93318746  59.12477853 156.80170028  95.49655453]
420
[ 32.93498366  59.12678596 156.6058562   95.49573148]
421
[ 32.91291192  59.0404093  156.81403647  95.4955901 ]
422
[ 32.92657324  59.34553461 156.71579083  95.49668873]
423
[ 32.93347366  59.07738981 156.62589005  95.49675961]
424
[ 32.93355383  59.10562205 156.73563049  95.49666862]
425
[ 32.93347366  59.07738981 156.62589005  95.49675961]
426
[ 32.93356962  59.11229737 156.60292048  95.4967844 ]
427
[ 32.92815242  59.1717725  156.7210897   95.49692362]
428
[ 32.91291192  59.0404093  156.81403647  95.4955901 ]
429
[ 32.93355383  59.10562205 156.73563049  95.49666862]
430
[ 32.93918892  59.07717924 156.83048174  95.49672175]
431
[ 32.93356962  59.11229737 156.60292048  95.4967844 ]
432
[ 32.90461342  59.06097635 156.77382858  95.49674865]
433
[ 32.93918892  59.07717924 156.83048174  95.49672175]
434
[ 32.92374354  58.55918529 156.60833045  95.49647949]
435
[ 32.90710193  59.21752362 156.7685108   95.49686731]
436
[ 32.90710193  59.21752362 156.7685108   95.49686731]
437
[ 32.91383011  58.58000652 156.61419838  95.49630603]
438
[ 32.93805719  58.31757732 156.61058558  95.49680716]
439
[ 32.94065879  59.05454863 156.54856429  95.49656751]
440
[ 32.93689572  58.51638463 156.58961215  95.49668055]
441
[ 32.94065879  59.05454863 156.54856429  95.49656751]
442
[ 32.94065879  59.05454863 156.54856429  95.49656751]
443
[ 32.93918892  59.07717924 156.83048174  95.49672175]
444
[ 32.92901974  59.39140333 156.60995611  95.49659878]
445
[ 32.93297333  59.148067   156.73446552  95.49660234]
446
[ 32.92374354  58.55918529 156.60833045  95.49647949]
447
[ 32.93689572  58.51638463 156.58961215  95.49668055]
448
[ 32.9390833   59.05082421 156.87110865  95.49673308]
449
[ 32.93689572  58.51638463 156.58961215  95.49668055]
450
[ 32.93107949  59.37864515 156.62786339  95.49656933]
451
[ 32.9418403   59.0043012  156.56191847  95.49669576]
452
[ 32.93355694  59.3379053  156.59806424  95.49651722]
453
[ 32.9418403   59.0043012  156.56191847  95.49669576]
454
[ 32.93789777  59.05921047 156.91187474  95.4967412 ]
455
[ 32.94048721  59.23039543 156.74749075  95.49674062]
456
[ 32.93119146  59.31198081 156.72746379  95.49664356]
457
[ 32.93355694  59.3379053  156.59806424  95.49651722]
458
[ 32.93151671  59.33445229 156.65056645  95.49649206]
459
[ 32.94048721  59.23039543 156.74749075  95.49674062]
460
[ 32.92810941  59.32804612 156.5866832   95.49650155]
461
[ 32.92709047  59.33301618 156.64918244  95.49650611]
462
[ 32.93355694  59.3379053  156.59806424  95.49651722]
463
[ 32.92901974  59.39140333 156.60995611  95.49659878]
464
[ 32.93355694  59.3379053  156.59806424  95.49651722]
465
[ 32.92690679  59.3146626  156.6536408   95.49657897]
466
[ 32.92823741  59.33464721 156.64994906  95.49650888]
467
[ 32.92690679  59.3146626  156.6536408   95.49657897]
468
[ 32.92823741  59.33464721 156.64994906  95.49650888]
469
[ 32.92822685  59.31517501 156.6582181   95.49663544]
470
[ 32.92405138  59.4987921  156.7536817   95.49656784]
471
[ 32.92405138  59.4987921  156.7536817   95.49656784]
472
[ 32.92690679  59.3146626  156.6536408   95.49657897]
473
[ 32.92907817  59.26176194 156.7508425   95.49664547]
474
[ 32.92405138  59.4987921  156.7536817   95.49656784]
475
[ 32.92907817  59.26176194 156.7508425   95.49664547]
476
[ 32.92822685  59.31517501 156.6582181   95.49663544]
477
[ 32.93224856  59.27700402 156.74846311  95.49664766]
478
[ 32.93036627  59.28081349 156.79127528  95.49654092]
479
[ 32.92405138  59.4987921  156.7536817   95.49656784]
480
[ 32.94048721  59.23039543 156.74749075  95.49674062]
481
[ 32.92822685  59.31517501 156.6582181   95.49663544]
482
[ 32.92405138  59.4987921  156.7536817   95.49656784]
483
[ 32.92405138  59.4987921  156.7536817   95.49656784]
484
[ 32.93033982  59.2816589  156.7892091   95.49649792]
485
[ 32.92565137  59.45280506 156.7212804   95.49668572]
486
[ 32.92907817  59.26176194 156.7508425   95.49664547]
487
[ 32.92405138  59.4987921  156.7536817   95.49656784]
488
[ 32.93062193  59.27524162 156.79093762  95.49652763]
489
[ 32.92405138  59.4987921  156.7536817   95.49656784]
490
[ 32.92742237  59.25846361 156.64856424  95.49675874]
491
[ 32.92565137  59.45280506 156.7212804   95.49668572]
492
[ 32.93090705  59.42575116 156.7407236   95.49674359]
493
[ 32.92848356  59.22781508 156.82185557  95.49670559]
494
[ 32.92598122  59.49051022 156.7190205   95.49655181]
495
[ 32.92848356  59.22781508 156.82185557  95.49670559]
496
[ 32.92173268  59.18551327 156.67538195  95.49650728]
497
[ 32.92598122  59.49051022 156.7190205   95.49655181]
498
[ 32.92848356  59.22781508 156.82185557  95.49670559]
499
[ 32.92848356  59.22781508 156.82185557  95.49670559]
