0
[ -6.45320702  91.12307253 197.84525648  83.1878805 ]
0.3900331579906581
1
[ -1.21139711  77.64267342 205.69955927  80.77489287]
0.41514295668195966
2
[ -1.21139711  77.64267342 205.69955927  80.77489287]
0.41514295668195966
3
[ -1.21139711  77.64267342 205.69955927  80.77489287]
0.41514295668195966
4
[ -2.56668263  73.51619526 191.62538835  85.52078408]
0.4296364037950136
5
[ -2.56668263  73.51619526 191.62538835  85.52078408]
0.4296364037950136
6
[ -2.56668263  73.51619526 191.62538835  85.52078408]
0.4296364037950136
7
[ -2.56668263  73.51619526 191.62538835  85.52078408]
0.4296364037950136
8
[ -2.56668263  73.51619526 191.62538835  85.52078408]
0.4296364037950136
9
[ -2.56668263  73.51619526 191.62538835  85.52078408]
0.4296364037950136
10
[ -2.56668263  73.51619526 191.62538835  85.52078408]
0.4296364037950136
11
[ -2.56668263  73.51619526 191.62538835  85.52078408]
0.4296364037950136
12
[ -2.56668263  73.51619526 191.62538835  85.52078408]
0.4296364037950136
13
[ -2.56668263  73.51619526 191.62538835  85.52078408]
0.4296364037950136
14
[ -2.56668263  73.51619526 191.62538835  85.52078408]
0.4296364037950136
15
[ -2.56668263  73.51619526 191.62538835  85.52078408]
0.4296364037950136
16
[ -2.56668263  73.51619526 191.62538835  85.52078408]
0.4296364037950136
17
[ -2.56668263  73.51619526 191.62538835  85.52078408]
0.4296364037950136
18
[ 11.97865331 148.65969073 187.8299701   96.77754146]
0.43265297825752336
19
[ 11.97865331 148.65969073 187.8299701   96.77754146]
0.43265297825752336
20
[ 11.97865331 148.65969073 187.8299701   96.77754146]
0.43265297825752336
21
[ 11.97865331 148.65969073 187.8299701   96.77754146]
0.43265297825752336
22
[ 11.97865331 148.65969073 187.8299701   96.77754146]
0.43265297825752336
23
[ 11.97865331 148.65969073 187.8299701   96.77754146]
0.43265297825752336
24
[ 11.97865331 148.65969073 187.8299701   96.77754146]
0.43265297825752336
25
[ 11.97865331 148.65969073 187.8299701   96.77754146]
0.43265297825752336
26
[ 11.97865331 148.65969073 187.8299701   96.77754146]
0.43265297825752336
27
[ 11.97865331 148.65969073 187.8299701   96.77754146]
0.43265297825752336
28
[  3.04111479  68.18196735 195.94736399  85.52615   ]
0.4559554391195017
29
[  3.04111479  68.18196735 195.94736399  85.52615   ]
0.4559554391195017
30
[  3.04111479  68.18196735 195.94736399  85.52615   ]
0.4559554391195017
31
[  3.04111479  68.18196735 195.94736399  85.52615   ]
0.4559554391195017
32
[  3.04111479  68.18196735 195.94736399  85.52615   ]
0.4559554391195017
33
[  3.04111479  68.18196735 195.94736399  85.52615   ]
0.4559554391195017
34
[ 16.9040358   54.74373428 180.0195967   96.64608321]
0.5023317040844376
35
[ 16.9040358   54.74373428 180.0195967   96.64608321]
0.5023317040844376
36
[ 16.9040358   54.74373428 180.0195967   96.64608321]
0.5023317040844376
37
[ 16.9040358   54.74373428 180.0195967   96.64608321]
0.5023317040844376
38
[ 16.9040358   54.74373428 180.0195967   96.64608321]
0.5023317040844376
39
[ 16.9040358   54.74373428 180.0195967   96.64608321]
0.5023317040844376
40
[ 16.9040358   54.74373428 180.0195967   96.64608321]
0.5023317040844376
41
[ 16.9040358   54.74373428 180.0195967   96.64608321]
0.5023317040844376
42
[ 11.3044077   35.45275748 184.9983333   82.39543148]
0.6271040378674205
43
[ 11.3044077   35.45275748 184.9983333   82.39543148]
0.6271040378674205
44
[ 11.3044077   35.45275748 184.9983333   82.39543148]
0.6271040378674205
45
[ 11.3044077   35.45275748 184.9983333   82.39543148]
0.6271040378674205
46
[ 11.3044077   35.45275748 184.9983333   82.39543148]
0.6271040378674205
47
[ 11.3044077   35.45275748 184.9983333   82.39543148]
0.6271040378674205
48
[ 11.3044077   35.45275748 184.9983333   82.39543148]
0.6271040378674205
49
[ 11.3044077   35.45275748 184.9983333   82.39543148]
0.6271040378674205
50
[ 11.3044077   35.45275748 184.9983333   82.39543148]
0.6271040378674205
51
[ 11.3044077   35.45275748 184.9983333   82.39543148]
0.6271040378674205
52
[ 11.3044077   35.45275748 184.9983333   82.39543148]
0.6271040378674205
53
[ 11.3044077   35.45275748 184.9983333   82.39543148]
0.6271040378674205
54
[ 11.3044077   35.45275748 184.9983333   82.39543148]
0.6271040378674205
55
[ 11.3044077   35.45275748 184.9983333   82.39543148]
0.6271040378674205
56
[ 11.3044077   35.45275748 184.9983333   82.39543148]
0.6271040378674205
57
[ 11.3044077   35.45275748 184.9983333   82.39543148]
0.6271040378674205
58
[ 11.3044077   35.45275748 184.9983333   82.39543148]
0.6271040378674205
59
[ 11.3044077   35.45275748 184.9983333   82.39543148]
0.6271040378674205
60
[ 11.3044077   35.45275748 184.9983333   82.39543148]
0.6271040378674205
61
[ 11.3044077   35.45275748 184.9983333   82.39543148]
0.6271040378674205
62
[ 11.3044077   35.45275748 184.9983333   82.39543148]
0.6271040378674205
63
[ 11.3044077   35.45275748 184.9983333   82.39543148]
0.6271040378674205
64
[ 11.3044077   35.45275748 184.9983333   82.39543148]
0.6271040378674205
65
[ 11.3044077   35.45275748 184.9983333   82.39543148]
0.6271040378674205
66
[ 11.3044077   35.45275748 184.9983333   82.39543148]
0.6271040378674205
67
[ 11.3044077   35.45275748 184.9983333   82.39543148]
0.6271040378674205
68
[ 11.3044077   35.45275748 184.9983333   82.39543148]
0.6271040378674205
69
[ 11.3044077   35.45275748 184.9983333   82.39543148]
0.6271040378674205
70
[ 11.3044077   35.45275748 184.9983333   82.39543148]
0.6271040378674205
71
[ 11.3044077   35.45275748 184.9983333   82.39543148]
0.6271040378674205
72
[ 11.3044077   35.45275748 184.9983333   82.39543148]
0.6271040378674205
73
[ 11.3044077   35.45275748 184.9983333   82.39543148]
0.6271040378674205
74
[ 11.3044077   35.45275748 184.9983333   82.39543148]
0.6271040378674205
75
[ 11.3044077   35.45275748 184.9983333   82.39543148]
0.6271040378674205
76
[ 11.3044077   35.45275748 184.9983333   82.39543148]
0.6271040378674205
77
[ 11.3044077   35.45275748 184.9983333   82.39543148]
0.6271040378674205
78
[ 11.3044077   35.45275748 184.9983333   82.39543148]
0.6271040378674205
79
[ 11.3044077   35.45275748 184.9983333   82.39543148]
0.6271040378674205
80
[ 11.3044077   35.45275748 184.9983333   82.39543148]
0.6271040378674205
81
[ 11.3044077   35.45275748 184.9983333   82.39543148]
0.6271040378674205
82
[ 11.3044077   35.45275748 184.9983333   82.39543148]
0.6271040378674205
83
[ 11.3044077   35.45275748 184.9983333   82.39543148]
0.6271040378674205
84
[ 11.3044077   35.45275748 184.9983333   82.39543148]
0.6271040378674205
85
[ 11.3044077   35.45275748 184.9983333   82.39543148]
0.6271040378674205
86
[ 11.3044077   35.45275748 184.9983333   82.39543148]
0.6271040378674205
87
[ 11.3044077   35.45275748 184.9983333   82.39543148]
0.6271040378674205
88
[ 11.3044077   35.45275748 184.9983333   82.39543148]
0.6271040378674205
89
[ 11.3044077   35.45275748 184.9983333   82.39543148]
0.6271040378674205
90
[ 11.3044077   35.45275748 184.9983333   82.39543148]
0.6271040378674205
91
[ 11.3044077   35.45275748 184.9983333   82.39543148]
0.6271040378674205
92
[ 11.3044077   35.45275748 184.9983333   82.39543148]
0.6271040378674205
93
[ 11.3044077   35.45275748 184.9983333   82.39543148]
0.6271040378674205
94
[ 11.3044077   35.45275748 184.9983333   82.39543148]
0.6271040378674205
95
[ 11.3044077   35.45275748 184.9983333   82.39543148]
0.6271040378674205
96
[ 11.3044077   35.45275748 184.9983333   82.39543148]
0.6271040378674205
97
[ 11.3044077   35.45275748 184.9983333   82.39543148]
0.6271040378674205
98
[ 11.3044077   35.45275748 184.9983333   82.39543148]
0.6271040378674205
99
[ 11.3044077   35.45275748 184.9983333   82.39543148]
0.6271040378674205
100
[ 11.3044077   35.45275748 184.9983333   82.39543148]
0.6271040378674205
101
[ 11.3044077   35.45275748 184.9983333   82.39543148]
0.6271040378674205
102
[ 11.3044077   35.45275748 184.9983333   82.39543148]
0.6271040378674205
103
[ 11.3044077   35.45275748 184.9983333   82.39543148]
0.6271040378674205
104
[ 11.3044077   35.45275748 184.9983333   82.39543148]
0.6271040378674205
105
[ 11.3044077   35.45275748 184.9983333   82.39543148]
0.6271040378674205
106
[ 11.3044077   35.45275748 184.9983333   82.39543148]
0.6271040378674205
107
[ 11.3044077   35.45275748 184.9983333   82.39543148]
0.6271040378674205
108
[ 11.3044077   35.45275748 184.9983333   82.39543148]
0.6271040378674205
109
[ 11.3044077   35.45275748 184.9983333   82.39543148]
0.6271040378674205
110
[ 11.3044077   35.45275748 184.9983333   82.39543148]
0.6271040378674205
111
[ 11.3044077   35.45275748 184.9983333   82.39543148]
0.6271040378674205
112
[ 11.3044077   35.45275748 184.9983333   82.39543148]
0.6271040378674205
113
[ 11.3044077   35.45275748 184.9983333   82.39543148]
0.6271040378674205
114
[ 11.3044077   35.45275748 184.9983333   82.39543148]
0.6271040378674205
115
[ 11.3044077   35.45275748 184.9983333   82.39543148]
0.6271040378674205
116
[ 11.3044077   35.45275748 184.9983333   82.39543148]
0.6271040378674205
117
[ 11.3044077   35.45275748 184.9983333   82.39543148]
0.6271040378674205
118
[ 11.3044077   35.45275748 184.9983333   82.39543148]
0.6271040378674205
119
[ 11.3044077   35.45275748 184.9983333   82.39543148]
0.6271040378674205
120
[ 11.3044077   35.45275748 184.9983333   82.39543148]
0.6271040378674205
121
[ 11.3044077   35.45275748 184.9983333   82.39543148]
0.6271040378674205
122
[ 11.3044077   35.45275748 184.9983333   82.39543148]
0.6271040378674205
123
[ 11.3044077   35.45275748 184.9983333   82.39543148]
0.6271040378674205
124
[ 11.3044077   35.45275748 184.9983333   82.39543148]
0.6271040378674205
125
[ 11.3044077   35.45275748 184.9983333   82.39543148]
0.6271040378674205
126
[ 11.3044077   35.45275748 184.9983333   82.39543148]
0.6271040378674205
127
[ 11.3044077   35.45275748 184.9983333   82.39543148]
0.6271040378674205
128
[ 11.3044077   35.45275748 184.9983333   82.39543148]
0.6271040378674205
129
[ 11.3044077   35.45275748 184.9983333   82.39543148]
0.6271040378674205
130
[ 11.3044077   35.45275748 184.9983333   82.39543148]
0.6271040378674205
131
[ 11.3044077   35.45275748 184.9983333   82.39543148]
0.6271040378674205
132
[ 11.3044077   35.45275748 184.9983333   82.39543148]
0.6271040378674205
133
[ 11.3044077   35.45275748 184.9983333   82.39543148]
0.6271040378674205
134
[ 11.3044077   35.45275748 184.9983333   82.39543148]
0.6271040378674205
135
[ 11.3044077   35.45275748 184.9983333   82.39543148]
0.6271040378674205
136
[ 11.3044077   35.45275748 184.9983333   82.39543148]
0.6271040378674205
137
[ 11.3044077   35.45275748 184.9983333   82.39543148]
0.6271040378674205
138
[ 11.3044077   35.45275748 184.9983333   82.39543148]
0.6271040378674205
139
[ 11.3044077   35.45275748 184.9983333   82.39543148]
0.6271040378674205
140
[ 11.3044077   35.45275748 184.9983333   82.39543148]
0.6271040378674205
141
[ 11.3044077   35.45275748 184.9983333   82.39543148]
0.6271040378674205
142
[ 11.3044077   35.45275748 184.9983333   82.39543148]
0.6271040378674205
143
[ 11.3044077   35.45275748 184.9983333   82.39543148]
0.6271040378674205
144
[ 11.3044077   35.45275748 184.9983333   82.39543148]
0.6271040378674205
145
[ 11.3044077   35.45275748 184.9983333   82.39543148]
0.6271040378674205
146
[ 11.3044077   35.45275748 184.9983333   82.39543148]
0.6271040378674205
147
[ 11.3044077   35.45275748 184.9983333   82.39543148]
0.6271040378674205
148
[ 11.3044077   35.45275748 184.9983333   82.39543148]
0.6271040378674205
149
[ 11.3044077   35.45275748 184.9983333   82.39543148]
0.6271040378674205
150
[ 11.3044077   35.45275748 184.9983333   82.39543148]
0.6271040378674205
151
[ 11.3044077   35.45275748 184.9983333   82.39543148]
0.6271040378674205
152
[ 11.3044077   35.45275748 184.9983333   82.39543148]
0.6271040378674205
153
[ 11.3044077   35.45275748 184.9983333   82.39543148]
0.6271040378674205
154
[ 11.3044077   35.45275748 184.9983333   82.39543148]
0.6271040378674205
155
[ 11.3044077   35.45275748 184.9983333   82.39543148]
0.6271040378674205
156
[ 11.3044077   35.45275748 184.9983333   82.39543148]
0.6271040378674205
157
[ 11.3044077   35.45275748 184.9983333   82.39543148]
0.6271040378674205
158
[ 11.3044077   35.45275748 184.9983333   82.39543148]
0.6271040378674205
159
[ 11.3044077   35.45275748 184.9983333   82.39543148]
0.6271040378674205
160
[ 11.3044077   35.45275748 184.9983333   82.39543148]
0.6271040378674205
161
[ 11.3044077   35.45275748 184.9983333   82.39543148]
0.6271040378674205
162
[ 11.3044077   35.45275748 184.9983333   82.39543148]
0.6271040378674205
163
[ 11.3044077   35.45275748 184.9983333   82.39543148]
0.6271040378674205
164
[ 11.3044077   35.45275748 184.9983333   82.39543148]
0.6271040378674205
165
[ 11.3044077   35.45275748 184.9983333   82.39543148]
0.6271040378674205
166
[ 11.3044077   35.45275748 184.9983333   82.39543148]
0.6271040378674205
167
[ 11.3044077   35.45275748 184.9983333   82.39543148]
0.6271040378674205
168
[ 11.3044077   35.45275748 184.9983333   82.39543148]
0.6271040378674205
169
[ 11.3044077   35.45275748 184.9983333   82.39543148]
0.6271040378674205
170
[ 11.3044077   35.45275748 184.9983333   82.39543148]
0.6271040378674205
171
[ 11.3044077   35.45275748 184.9983333   82.39543148]
0.6271040378674205
172
[ 11.3044077   35.45275748 184.9983333   82.39543148]
0.6271040378674205
173
[ 11.3044077   35.45275748 184.9983333   82.39543148]
0.6271040378674205
174
[ 11.3044077   35.45275748 184.9983333   82.39543148]
0.6271040378674205
175
[ 11.3044077   35.45275748 184.9983333   82.39543148]
0.6271040378674205
176
[ 11.3044077   35.45275748 184.9983333   82.39543148]
0.6271040378674205
177
[ 11.3044077   35.45275748 184.9983333   82.39543148]
0.6271040378674205
178
[ 11.3044077   35.45275748 184.9983333   82.39543148]
0.6271040378674205
179
[ 11.3044077   35.45275748 184.9983333   82.39543148]
0.6271040378674205
180
[ 11.3044077   35.45275748 184.9983333   82.39543148]
0.6271040378674205
181
[ 11.3044077   35.45275748 184.9983333   82.39543148]
0.6271040378674205
182
[ 11.3044077   35.45275748 184.9983333   82.39543148]
0.6271040378674205
183
[ 11.3044077   35.45275748 184.9983333   82.39543148]
0.6271040378674205
184
[ 11.3044077   35.45275748 184.9983333   82.39543148]
0.6271040378674205
185
[ 11.3044077   35.45275748 184.9983333   82.39543148]
0.6271040378674205
186
[ 11.3044077   35.45275748 184.9983333   82.39543148]
0.6271040378674205
187
[ 11.3044077   35.45275748 184.9983333   82.39543148]
0.6271040378674205
188
[ 11.3044077   35.45275748 184.9983333   82.39543148]
0.6271040378674205
189
[ 11.3044077   35.45275748 184.9983333   82.39543148]
0.6271040378674205
190
[ 11.3044077   35.45275748 184.9983333   82.39543148]
0.6271040378674205
191
[ 11.3044077   35.45275748 184.9983333   82.39543148]
0.6271040378674205
192
[ 11.3044077   35.45275748 184.9983333   82.39543148]
0.6271040378674205
193
[ 11.3044077   35.45275748 184.9983333   82.39543148]
0.6271040378674205
194
[ 11.3044077   35.45275748 184.9983333   82.39543148]
0.6271040378674205
195
[ 11.3044077   35.45275748 184.9983333   82.39543148]
0.6271040378674205
196
[ 11.3044077   35.45275748 184.9983333   82.39543148]
0.6271040378674205
197
[ 11.3044077   35.45275748 184.9983333   82.39543148]
0.6271040378674205
198
[ 11.3044077   35.45275748 184.9983333   82.39543148]
0.6271040378674205
199
[ 11.3044077   35.45275748 184.9983333   82.39543148]
0.6271040378674205
200
[ 11.3044077   35.45275748 184.9983333   82.39543148]
0.6271040378674205
201
[ 11.3044077   35.45275748 184.9983333   82.39543148]
0.6271040378674205
202
[ 11.3044077   35.45275748 184.9983333   82.39543148]
0.6271040378674205
203
[ 11.3044077   35.45275748 184.9983333   82.39543148]
0.6271040378674205
204
[ 11.3044077   35.45275748 184.9983333   82.39543148]
0.6271040378674205
205
[ 11.3044077   35.45275748 184.9983333   82.39543148]
0.6271040378674205
206
[ 11.3044077   35.45275748 184.9983333   82.39543148]
0.6271040378674205
207
[ 11.3044077   35.45275748 184.9983333   82.39543148]
0.6271040378674205
208
[ 11.3044077   35.45275748 184.9983333   82.39543148]
0.6271040378674205
209
[ 11.3044077   35.45275748 184.9983333   82.39543148]
0.6271040378674205
210
[ 11.3044077   35.45275748 184.9983333   82.39543148]
0.6271040378674205
211
[ 11.3044077   35.45275748 184.9983333   82.39543148]
0.6271040378674205
212
[ 11.3044077   35.45275748 184.9983333   82.39543148]
0.6271040378674205
213
[ 11.3044077   35.45275748 184.9983333   82.39543148]
0.6271040378674205
214
[ 11.3044077   35.45275748 184.9983333   82.39543148]
0.6271040378674205
215
[ 11.3044077   35.45275748 184.9983333   82.39543148]
0.6271040378674205
216
[ 11.3044077   35.45275748 184.9983333   82.39543148]
0.6271040378674205
217
[ 11.3044077   35.45275748 184.9983333   82.39543148]
0.6271040378674205
218
[ 11.3044077   35.45275748 184.9983333   82.39543148]
0.6271040378674205
219
[ 11.3044077   35.45275748 184.9983333   82.39543148]
0.6271040378674205
220
[ 11.3044077   35.45275748 184.9983333   82.39543148]
0.6271040378674205
221
[ 11.3044077   35.45275748 184.9983333   82.39543148]
0.6271040378674205
222
[ 11.3044077   35.45275748 184.9983333   82.39543148]
0.6271040378674205
223
[ 11.3044077   35.45275748 184.9983333   82.39543148]
0.6271040378674205
224
[ 11.3044077   35.45275748 184.9983333   82.39543148]
0.6271040378674205
225
[ 11.3044077   35.45275748 184.9983333   82.39543148]
0.6271040378674205
226
[ 11.3044077   35.45275748 184.9983333   82.39543148]
0.6271040378674205
227
[ 11.3044077   35.45275748 184.9983333   82.39543148]
0.6271040378674205
228
[ 11.3044077   35.45275748 184.9983333   82.39543148]
0.6271040378674205
229
[ 11.3044077   35.45275748 184.9983333   82.39543148]
0.6271040378674205
230
[ 11.3044077   35.45275748 184.9983333   82.39543148]
0.6271040378674205
231
[ 11.3044077   35.45275748 184.9983333   82.39543148]
0.6271040378674205
232
[ 11.3044077   35.45275748 184.9983333   82.39543148]
0.6271040378674205
233
[ 11.3044077   35.45275748 184.9983333   82.39543148]
0.6271040378674205
234
[ 11.3044077   35.45275748 184.9983333   82.39543148]
0.6271040378674205
235
[ 11.3044077   35.45275748 184.9983333   82.39543148]
0.6271040378674205
236
[ 11.3044077   35.45275748 184.9983333   82.39543148]
0.6271040378674205
237
[ 11.3044077   35.45275748 184.9983333   82.39543148]
0.6271040378674205
238
[ 11.3044077   35.45275748 184.9983333   82.39543148]
0.6271040378674205
239
[ 11.3044077   35.45275748 184.9983333   82.39543148]
0.6271040378674205
240
[ 11.3044077   35.45275748 184.9983333   82.39543148]
0.6271040378674205
241
[ 11.3044077   35.45275748 184.9983333   82.39543148]
0.6271040378674205
242
[ 11.3044077   35.45275748 184.9983333   82.39543148]
0.6271040378674205
243
[ 11.3044077   35.45275748 184.9983333   82.39543148]
0.6271040378674205
244
[ 11.3044077   35.45275748 184.9983333   82.39543148]
0.6271040378674205
245
[ 11.3044077   35.45275748 184.9983333   82.39543148]
0.6271040378674205
246
[ 11.3044077   35.45275748 184.9983333   82.39543148]
0.6271040378674205
247
[ 11.3044077   35.45275748 184.9983333   82.39543148]
0.6271040378674205
248
[ 11.3044077   35.45275748 184.9983333   82.39543148]
0.6271040378674205
249
[ 11.3044077   35.45275748 184.9983333   82.39543148]
0.6271040378674205
250
[ 11.3044077   35.45275748 184.9983333   82.39543148]
0.6271040378674205
251
[ 11.3044077   35.45275748 184.9983333   82.39543148]
0.6271040378674205
252
[ 11.3044077   35.45275748 184.9983333   82.39543148]
0.6271040378674205
253
[ 11.3044077   35.45275748 184.9983333   82.39543148]
0.6271040378674205
254
[ 11.3044077   35.45275748 184.9983333   82.39543148]
0.6271040378674205
255
[ 11.3044077   35.45275748 184.9983333   82.39543148]
0.6271040378674205
256
[ 11.3044077   35.45275748 184.9983333   82.39543148]
0.6271040378674205
257
[ 11.3044077   35.45275748 184.9983333   82.39543148]
0.6271040378674205
258
[ 11.3044077   35.45275748 184.9983333   82.39543148]
0.6271040378674205
259
[ 11.3044077   35.45275748 184.9983333   82.39543148]
0.6271040378674205
260
[ 11.3044077   35.45275748 184.9983333   82.39543148]
0.6271040378674205
261
[ 11.3044077   35.45275748 184.9983333   82.39543148]
0.6271040378674205
262
[ 11.3044077   35.45275748 184.9983333   82.39543148]
0.6271040378674205
263
[ 11.3044077   35.45275748 184.9983333   82.39543148]
0.6271040378674205
264
[ 11.3044077   35.45275748 184.9983333   82.39543148]
0.6271040378674205
265
[ 11.3044077   35.45275748 184.9983333   82.39543148]
0.6271040378674205
266
[ 11.3044077   35.45275748 184.9983333   82.39543148]
0.6271040378674205
267
[ 11.3044077   35.45275748 184.9983333   82.39543148]
0.6271040378674205
268
[ 11.3044077   35.45275748 184.9983333   82.39543148]
0.6271040378674205
269
[ 11.3044077   35.45275748 184.9983333   82.39543148]
0.6271040378674205
270
[ 11.3044077   35.45275748 184.9983333   82.39543148]
0.6271040378674205
271
[ 11.3044077   35.45275748 184.9983333   82.39543148]
0.6271040378674205
272
[ 11.3044077   35.45275748 184.9983333   82.39543148]
0.6271040378674205
273
[ 11.3044077   35.45275748 184.9983333   82.39543148]
0.6271040378674205
274
[ 11.3044077   35.45275748 184.9983333   82.39543148]
0.6271040378674205
275
[ 11.3044077   35.45275748 184.9983333   82.39543148]
0.6271040378674205
276
[ 11.3044077   35.45275748 184.9983333   82.39543148]
0.6271040378674205
277
[ 11.3044077   35.45275748 184.9983333   82.39543148]
0.6271040378674205
278
[ 11.3044077   35.45275748 184.9983333   82.39543148]
0.6271040378674205
279
[ 11.3044077   35.45275748 184.9983333   82.39543148]
0.6271040378674205
280
[ 11.3044077   35.45275748 184.9983333   82.39543148]
0.6271040378674205
281
[ 11.3044077   35.45275748 184.9983333   82.39543148]
0.6271040378674205
282
[ 11.3044077   35.45275748 184.9983333   82.39543148]
0.6271040378674205
283
[ 11.3044077   35.45275748 184.9983333   82.39543148]
0.6271040378674205
284
[ 11.3044077   35.45275748 184.9983333   82.39543148]
0.6271040378674205
285
[ 11.3044077   35.45275748 184.9983333   82.39543148]
0.6271040378674205
286
[ 11.3044077   35.45275748 184.9983333   82.39543148]
0.6271040378674205
287
[ 11.3044077   35.45275748 184.9983333   82.39543148]
0.6271040378674205
288
[ 11.3044077   35.45275748 184.9983333   82.39543148]
0.6271040378674205
289
[ 11.3044077   35.45275748 184.9983333   82.39543148]
0.6271040378674205
290
[ 11.3044077   35.45275748 184.9983333   82.39543148]
0.6271040378674205
291
[ 11.3044077   35.45275748 184.9983333   82.39543148]
0.6271040378674205
292
[ 11.3044077   35.45275748 184.9983333   82.39543148]
0.6271040378674205
293
[ 11.3044077   35.45275748 184.9983333   82.39543148]
0.6271040378674205
294
[ 11.3044077   35.45275748 184.9983333   82.39543148]
0.6271040378674205
295
[ 11.3044077   35.45275748 184.9983333   82.39543148]
0.6271040378674205
296
[ 11.3044077   35.45275748 184.9983333   82.39543148]
0.6271040378674205
297
[ 11.3044077   35.45275748 184.9983333   82.39543148]
0.6271040378674205
298
[ 11.3044077   35.45275748 184.9983333   82.39543148]
0.6271040378674205
299
[ 11.3044077   35.45275748 184.9983333   82.39543148]
0.6271040378674205
300
[ 11.3044077   35.45275748 184.9983333   82.39543148]
0.6271040378674205
301
[ 11.3044077   35.45275748 184.9983333   82.39543148]
0.6271040378674205
302
[ 11.3044077   35.45275748 184.9983333   82.39543148]
0.6271040378674205
303
[ 11.3044077   35.45275748 184.9983333   82.39543148]
0.6271040378674205
304
[ 11.3044077   35.45275748 184.9983333   82.39543148]
0.6271040378674205
305
[ 11.3044077   35.45275748 184.9983333   82.39543148]
0.6271040378674205
306
[ 11.3044077   35.45275748 184.9983333   82.39543148]
0.6271040378674205
307
[ 11.3044077   35.45275748 184.9983333   82.39543148]
0.6271040378674205
308
[ 11.3044077   35.45275748 184.9983333   82.39543148]
0.6271040378674205
309
[ 11.3044077   35.45275748 184.9983333   82.39543148]
0.6271040378674205
310
[ 11.3044077   35.45275748 184.9983333   82.39543148]
0.6271040378674205
311
[ 11.3044077   35.45275748 184.9983333   82.39543148]
0.6271040378674205
312
[ 11.3044077   35.45275748 184.9983333   82.39543148]
0.6271040378674205
313
[ 11.3044077   35.45275748 184.9983333   82.39543148]
0.6271040378674205
314
[ 11.3044077   35.45275748 184.9983333   82.39543148]
0.6271040378674205
315
[ 11.3044077   35.45275748 184.9983333   82.39543148]
0.6271040378674205
316
[ 11.3044077   35.45275748 184.9983333   82.39543148]
0.6271040378674205
317
[ 11.3044077   35.45275748 184.9983333   82.39543148]
0.6271040378674205
318
[ 11.3044077   35.45275748 184.9983333   82.39543148]
0.6271040378674205
319
[ 11.3044077   35.45275748 184.9983333   82.39543148]
0.6271040378674205
320
[ 11.3044077   35.45275748 184.9983333   82.39543148]
0.6271040378674205
321
[ 11.3044077   35.45275748 184.9983333   82.39543148]
0.6271040378674205
322
[ 11.3044077   35.45275748 184.9983333   82.39543148]
0.6271040378674205
323
[ 11.3044077   35.45275748 184.9983333   82.39543148]
0.6271040378674205
324
[ 11.3044077   35.45275748 184.9983333   82.39543148]
0.6271040378674205
325
[ 11.3044077   35.45275748 184.9983333   82.39543148]
0.6271040378674205
326
[ 11.3044077   35.45275748 184.9983333   82.39543148]
0.6271040378674205
327
[ 11.3044077   35.45275748 184.9983333   82.39543148]
0.6271040378674205
328
[ 11.3044077   35.45275748 184.9983333   82.39543148]
0.6271040378674205
329
[ 11.3044077   35.45275748 184.9983333   82.39543148]
0.6271040378674205
330
[ 11.3044077   35.45275748 184.9983333   82.39543148]
0.6271040378674205
331
[ 11.3044077   35.45275748 184.9983333   82.39543148]
0.6271040378674205
332
[ 11.3044077   35.45275748 184.9983333   82.39543148]
0.6271040378674205
333
[ 11.3044077   35.45275748 184.9983333   82.39543148]
0.6271040378674205
334
[ 11.3044077   35.45275748 184.9983333   82.39543148]
0.6271040378674205
335
[ 11.3044077   35.45275748 184.9983333   82.39543148]
0.6271040378674205
336
[ 11.3044077   35.45275748 184.9983333   82.39543148]
0.6271040378674205
337
[ 11.3044077   35.45275748 184.9983333   82.39543148]
0.6271040378674205
338
[ 11.3044077   35.45275748 184.9983333   82.39543148]
0.6271040378674205
339
[ 11.3044077   35.45275748 184.9983333   82.39543148]
0.6271040378674205
340
[ 11.3044077   35.45275748 184.9983333   82.39543148]
0.6271040378674205
341
[ 11.3044077   35.45275748 184.9983333   82.39543148]
0.6271040378674205
342
[ 11.3044077   35.45275748 184.9983333   82.39543148]
0.6271040378674205
343
[ 11.3044077   35.45275748 184.9983333   82.39543148]
0.6271040378674205
344
[ 11.3044077   35.45275748 184.9983333   82.39543148]
0.6271040378674205
345
[ 11.3044077   35.45275748 184.9983333   82.39543148]
0.6271040378674205
346
[ 11.3044077   35.45275748 184.9983333   82.39543148]
0.6271040378674205
347
[ 11.3044077   35.45275748 184.9983333   82.39543148]
0.6271040378674205
348
[ 11.3044077   35.45275748 184.9983333   82.39543148]
0.6271040378674205
349
[ 11.3044077   35.45275748 184.9983333   82.39543148]
0.6271040378674205
350
[ 11.3044077   35.45275748 184.9983333   82.39543148]
0.6271040378674205
351
[ 11.3044077   35.45275748 184.9983333   82.39543148]
0.6271040378674205
352
[ 11.3044077   35.45275748 184.9983333   82.39543148]
0.6271040378674205
353
[ 11.3044077   35.45275748 184.9983333   82.39543148]
0.6271040378674205
354
[ 11.3044077   35.45275748 184.9983333   82.39543148]
0.6271040378674205
355
[ 11.3044077   35.45275748 184.9983333   82.39543148]
0.6271040378674205
356
[ 11.3044077   35.45275748 184.9983333   82.39543148]
0.6271040378674205
357
[ 11.3044077   35.45275748 184.9983333   82.39543148]
0.6271040378674205
358
[ 11.3044077   35.45275748 184.9983333   82.39543148]
0.6271040378674205
359
[ 11.3044077   35.45275748 184.9983333   82.39543148]
0.6271040378674205
360
[ 11.3044077   35.45275748 184.9983333   82.39543148]
0.6271040378674205
361
[ 11.3044077   35.45275748 184.9983333   82.39543148]
0.6271040378674205
362
[ 11.3044077   35.45275748 184.9983333   82.39543148]
0.6271040378674205
363
[ 11.3044077   35.45275748 184.9983333   82.39543148]
0.6271040378674205
364
[ 11.3044077   35.45275748 184.9983333   82.39543148]
0.6271040378674205
365
[ 11.3044077   35.45275748 184.9983333   82.39543148]
0.6271040378674205
366
[ 11.3044077   35.45275748 184.9983333   82.39543148]
0.6271040378674205
367
[ 11.3044077   35.45275748 184.9983333   82.39543148]
0.6271040378674205
368
[ 11.3044077   35.45275748 184.9983333   82.39543148]
0.6271040378674205
369
[ 11.3044077   35.45275748 184.9983333   82.39543148]
0.6271040378674205
370
[ 11.3044077   35.45275748 184.9983333   82.39543148]
0.6271040378674205
371
[ 11.3044077   35.45275748 184.9983333   82.39543148]
0.6271040378674205
372
[ 11.3044077   35.45275748 184.9983333   82.39543148]
0.6271040378674205
373
[ 11.3044077   35.45275748 184.9983333   82.39543148]
0.6271040378674205
374
[ 11.3044077   35.45275748 184.9983333   82.39543148]
0.6271040378674205
375
[ 11.3044077   35.45275748 184.9983333   82.39543148]
0.6271040378674205
376
[ 11.3044077   35.45275748 184.9983333   82.39543148]
0.6271040378674205
377
[ 11.3044077   35.45275748 184.9983333   82.39543148]
0.6271040378674205
378
[ 11.3044077   35.45275748 184.9983333   82.39543148]
0.6271040378674205
379
[ 11.3044077   35.45275748 184.9983333   82.39543148]
0.6271040378674205
380
[ 11.3044077   35.45275748 184.9983333   82.39543148]
0.6271040378674205
381
[ 11.3044077   35.45275748 184.9983333   82.39543148]
0.6271040378674205
382
[ 11.3044077   35.45275748 184.9983333   82.39543148]
0.6271040378674205
383
[ 11.3044077   35.45275748 184.9983333   82.39543148]
0.6271040378674205
384
[ 11.3044077   35.45275748 184.9983333   82.39543148]
0.6271040378674205
385
[ 11.3044077   35.45275748 184.9983333   82.39543148]
0.6271040378674205
386
[ 11.3044077   35.45275748 184.9983333   82.39543148]
0.6271040378674205
387
[ 11.3044077   35.45275748 184.9983333   82.39543148]
0.6271040378674205
388
[ 11.3044077   35.45275748 184.9983333   82.39543148]
0.6271040378674205
389
[ 11.3044077   35.45275748 184.9983333   82.39543148]
0.6271040378674205
390
[ 11.3044077   35.45275748 184.9983333   82.39543148]
0.6271040378674205
391
[ 11.3044077   35.45275748 184.9983333   82.39543148]
0.6271040378674205
392
[ 11.3044077   35.45275748 184.9983333   82.39543148]
0.6271040378674205
393
[ 11.3044077   35.45275748 184.9983333   82.39543148]
0.6271040378674205
394
[ 11.3044077   35.45275748 184.9983333   82.39543148]
0.6271040378674205
395
[ 11.3044077   35.45275748 184.9983333   82.39543148]
0.6271040378674205
396
[ 11.3044077   35.45275748 184.9983333   82.39543148]
0.6271040378674205
397
[ 11.3044077   35.45275748 184.9983333   82.39543148]
0.6271040378674205
398
[ 11.3044077   35.45275748 184.9983333   82.39543148]
0.6271040378674205
399
[ 11.3044077   35.45275748 184.9983333   82.39543148]
0.6271040378674205
400
[ 11.3044077   35.45275748 184.9983333   82.39543148]
0.6271040378674205
401
[ 11.3044077   35.45275748 184.9983333   82.39543148]
0.6271040378674205
402
[ 11.3044077   35.45275748 184.9983333   82.39543148]
0.6271040378674205
403
[ 11.3044077   35.45275748 184.9983333   82.39543148]
0.6271040378674205
404
[ 11.3044077   35.45275748 184.9983333   82.39543148]
0.6271040378674205
405
[ 11.3044077   35.45275748 184.9983333   82.39543148]
0.6271040378674205
406
[ 11.3044077   35.45275748 184.9983333   82.39543148]
0.6271040378674205
407
[ 11.3044077   35.45275748 184.9983333   82.39543148]
0.6271040378674205
408
[ 11.3044077   35.45275748 184.9983333   82.39543148]
0.6271040378674205
409
[ 11.3044077   35.45275748 184.9983333   82.39543148]
0.6271040378674205
410
[ 11.3044077   35.45275748 184.9983333   82.39543148]
0.6271040378674205
411
[ 11.3044077   35.45275748 184.9983333   82.39543148]
0.6271040378674205
412
[ 11.3044077   35.45275748 184.9983333   82.39543148]
0.6271040378674205
413
[ 11.3044077   35.45275748 184.9983333   82.39543148]
0.6271040378674205
414
[ 11.3044077   35.45275748 184.9983333   82.39543148]
0.6271040378674205
415
[ 11.3044077   35.45275748 184.9983333   82.39543148]
0.6271040378674205
416
[ 11.3044077   35.45275748 184.9983333   82.39543148]
0.6271040378674205
417
[ 11.3044077   35.45275748 184.9983333   82.39543148]
0.6271040378674205
418
[ 11.3044077   35.45275748 184.9983333   82.39543148]
0.6271040378674205
419
[ 11.3044077   35.45275748 184.9983333   82.39543148]
0.6271040378674205
420
[ 11.3044077   35.45275748 184.9983333   82.39543148]
0.6271040378674205
421
[ 11.3044077   35.45275748 184.9983333   82.39543148]
0.6271040378674205
422
[ 11.3044077   35.45275748 184.9983333   82.39543148]
0.6271040378674205
423
[ 11.3044077   35.45275748 184.9983333   82.39543148]
0.6271040378674205
424
[ 11.3044077   35.45275748 184.9983333   82.39543148]
0.6271040378674205
425
[ 11.3044077   35.45275748 184.9983333   82.39543148]
0.6271040378674205
426
[ 11.3044077   35.45275748 184.9983333   82.39543148]
0.6271040378674205
427
[ 11.3044077   35.45275748 184.9983333   82.39543148]
0.6271040378674205
428
[ 11.3044077   35.45275748 184.9983333   82.39543148]
0.6271040378674205
429
[ 11.3044077   35.45275748 184.9983333   82.39543148]
0.6271040378674205
430
[ 11.3044077   35.45275748 184.9983333   82.39543148]
0.6271040378674205
431
[ 11.3044077   35.45275748 184.9983333   82.39543148]
0.6271040378674205
432
[ 11.3044077   35.45275748 184.9983333   82.39543148]
0.6271040378674205
433
[ 11.3044077   35.45275748 184.9983333   82.39543148]
0.6271040378674205
434
[ 11.3044077   35.45275748 184.9983333   82.39543148]
0.6271040378674205
435
[ 11.3044077   35.45275748 184.9983333   82.39543148]
0.6271040378674205
436
[ 11.3044077   35.45275748 184.9983333   82.39543148]
0.6271040378674205
437
[ 11.3044077   35.45275748 184.9983333   82.39543148]
0.6271040378674205
438
[ 11.3044077   35.45275748 184.9983333   82.39543148]
0.6271040378674205
439
[ 11.3044077   35.45275748 184.9983333   82.39543148]
0.6271040378674205
440
[ 11.3044077   35.45275748 184.9983333   82.39543148]
0.6271040378674205
441
[ 11.3044077   35.45275748 184.9983333   82.39543148]
0.6271040378674205
442
[ 11.3044077   35.45275748 184.9983333   82.39543148]
0.6271040378674205
443
[ 11.3044077   35.45275748 184.9983333   82.39543148]
0.6271040378674205
444
[ 11.3044077   35.45275748 184.9983333   82.39543148]
0.6271040378674205
445
[ 11.3044077   35.45275748 184.9983333   82.39543148]
0.6271040378674205
446
[ 11.3044077   35.45275748 184.9983333   82.39543148]
0.6271040378674205
447
[ 11.3044077   35.45275748 184.9983333   82.39543148]
0.6271040378674205
448
[ 11.3044077   35.45275748 184.9983333   82.39543148]
0.6271040378674205
449
[ 11.3044077   35.45275748 184.9983333   82.39543148]
0.6271040378674205
450
[ 11.3044077   35.45275748 184.9983333   82.39543148]
0.6271040378674205
451
[ 11.3044077   35.45275748 184.9983333   82.39543148]
0.6271040378674205
452
[ 11.3044077   35.45275748 184.9983333   82.39543148]
0.6271040378674205
453
[ 11.3044077   35.45275748 184.9983333   82.39543148]
0.6271040378674205
454
[ 11.3044077   35.45275748 184.9983333   82.39543148]
0.6271040378674205
455
[ 11.3044077   35.45275748 184.9983333   82.39543148]
0.6271040378674205
456
[ 11.3044077   35.45275748 184.9983333   82.39543148]
0.6271040378674205
457
[ 11.3044077   35.45275748 184.9983333   82.39543148]
0.6271040378674205
458
[ 11.3044077   35.45275748 184.9983333   82.39543148]
0.6271040378674205
459
[ 11.3044077   35.45275748 184.9983333   82.39543148]
0.6271040378674205
460
[ 11.3044077   35.45275748 184.9983333   82.39543148]
0.6271040378674205
461
[ 11.3044077   35.45275748 184.9983333   82.39543148]
0.6271040378674205
462
[ 11.3044077   35.45275748 184.9983333   82.39543148]
0.6271040378674205
463
[ 11.3044077   35.45275748 184.9983333   82.39543148]
0.6271040378674205
464
[ 11.3044077   35.45275748 184.9983333   82.39543148]
0.6271040378674205
465
[ 11.3044077   35.45275748 184.9983333   82.39543148]
0.6271040378674205
466
[ 11.3044077   35.45275748 184.9983333   82.39543148]
0.6271040378674205
467
[ 11.3044077   35.45275748 184.9983333   82.39543148]
0.6271040378674205
468
[ 11.3044077   35.45275748 184.9983333   82.39543148]
0.6271040378674205
469
[ 11.3044077   35.45275748 184.9983333   82.39543148]
0.6271040378674205
470
[ 11.3044077   35.45275748 184.9983333   82.39543148]
0.6271040378674205
471
[ 11.3044077   35.45275748 184.9983333   82.39543148]
0.6271040378674205
472
[ 11.3044077   35.45275748 184.9983333   82.39543148]
0.6271040378674205
473
[ 11.3044077   35.45275748 184.9983333   82.39543148]
0.6271040378674205
474
[ 11.3044077   35.45275748 184.9983333   82.39543148]
0.6271040378674205
475
[ 11.3044077   35.45275748 184.9983333   82.39543148]
0.6271040378674205
476
[ 11.3044077   35.45275748 184.9983333   82.39543148]
0.6271040378674205
477
[ 11.3044077   35.45275748 184.9983333   82.39543148]
0.6271040378674205
478
[ 11.3044077   35.45275748 184.9983333   82.39543148]
0.6271040378674205
479
[ 11.3044077   35.45275748 184.9983333   82.39543148]
0.6271040378674205
480
[ 11.3044077   35.45275748 184.9983333   82.39543148]
0.6271040378674205
481
[ 11.3044077   35.45275748 184.9983333   82.39543148]
0.6271040378674205
482
[ 11.3044077   35.45275748 184.9983333   82.39543148]
0.6271040378674205
483
[ 11.3044077   35.45275748 184.9983333   82.39543148]
0.6271040378674205
484
[ 11.3044077   35.45275748 184.9983333   82.39543148]
0.6271040378674205
485
[ 11.3044077   35.45275748 184.9983333   82.39543148]
0.6271040378674205
486
[ 11.3044077   35.45275748 184.9983333   82.39543148]
0.6271040378674205
487
[ 11.3044077   35.45275748 184.9983333   82.39543148]
0.6271040378674205
488
[ 11.3044077   35.45275748 184.9983333   82.39543148]
0.6271040378674205
489
[ 11.3044077   35.45275748 184.9983333   82.39543148]
0.6271040378674205
490
[ 11.3044077   35.45275748 184.9983333   82.39543148]
0.6271040378674205
491
[ 11.3044077   35.45275748 184.9983333   82.39543148]
0.6271040378674205
492
[ 11.3044077   35.45275748 184.9983333   82.39543148]
0.6271040378674205
493
[ 11.3044077   35.45275748 184.9983333   82.39543148]
0.6271040378674205
494
[ 11.3044077   35.45275748 184.9983333   82.39543148]
0.6271040378674205
495
[ 11.3044077   35.45275748 184.9983333   82.39543148]
0.6271040378674205
496
[ 11.3044077   35.45275748 184.9983333   82.39543148]
0.6271040378674205
497
[ 11.3044077   35.45275748 184.9983333   82.39543148]
0.6271040378674205
498
[ 11.3044077   35.45275748 184.9983333   82.39543148]
0.6271040378674205
499
[ 11.3044077   35.45275748 184.9983333   82.39543148]
0.6271040378674205

