0
[ 24.64069045  82.34084262 199.80067928  98.85092171]
0.3980440994018476
1
[ 24.64069045  82.34084262 199.80067928  98.85092171]
0.3980440994018476
2
[ 24.64069045  82.34084262 199.80067928  98.85092171]
0.3980440994018476
3
[ 24.64069045  82.34084262 199.80067928  98.85092171]
0.3980440994018476
4
[ 24.64069045  82.34084262 199.80067928  98.85092171]
0.3980440994018476
5
[  5.02090718  73.48883186 193.67967466  98.72765283]
0.43312603161735286
6
[  5.02090718  73.48883186 193.67967466  98.72765283]
0.43312603161735286
7
[  5.02090718  73.48883186 193.67967466  98.72765283]
0.43312603161735286
8
[  5.02090718  73.48883186 193.67967466  98.72765283]
0.43312603161735286
9
[  5.02090718  73.48883186 193.67967466  98.72765283]
0.43312603161735286
10
[  5.02090718  73.48883186 193.67967466  98.72765283]
0.43312603161735286
11
[  5.02090718  73.48883186 193.67967466  98.72765283]
0.43312603161735286
12
[  5.02090718  73.48883186 193.67967466  98.72765283]
0.43312603161735286
13
[  5.02090718  73.48883186 193.67967466  98.72765283]
0.43312603161735286
14
[  5.02090718  73.48883186 193.67967466  98.72765283]
0.43312603161735286
15
[  5.02090718  73.48883186 193.67967466  98.72765283]
0.43312603161735286
16
[  5.02090718  73.48883186 193.67967466  98.72765283]
0.43312603161735286
17
[  5.02090718  73.48883186 193.67967466  98.72765283]
0.43312603161735286
18
[  5.02090718  73.48883186 193.67967466  98.72765283]
0.43312603161735286
19
[  5.02090718  73.48883186 193.67967466  98.72765283]
0.43312603161735286
20
[  5.02090718  73.48883186 193.67967466  98.72765283]
0.43312603161735286
21
[  2.07579684  65.2356485  152.52858183  90.75923559]
0.5037735149494422
22
[  2.07579684  65.2356485  152.52858183  90.75923559]
0.5037735149494422
23
[  2.07579684  65.2356485  152.52858183  90.75923559]
0.5037735149494422
24
[  2.07579684  65.2356485  152.52858183  90.75923559]
0.5037735149494422
25
[  2.07579684  65.2356485  152.52858183  90.75923559]
0.5037735149494422
26
[  2.07579684  65.2356485  152.52858183  90.75923559]
0.5037735149494422
27
[  2.07579684  65.2356485  152.52858183  90.75923559]
0.5037735149494422
28
[  2.07579684  65.2356485  152.52858183  90.75923559]
0.5037735149494422
29
[  2.07579684  65.2356485  152.52858183  90.75923559]
0.5037735149494422
30
[  2.07579684  65.2356485  152.52858183  90.75923559]
0.5037735149494422
31
[  2.07579684  65.2356485  152.52858183  90.75923559]
0.5037735149494422
32
[  2.07579684  65.2356485  152.52858183  90.75923559]
0.5037735149494422
33
[  2.07579684  65.2356485  152.52858183  90.75923559]
0.5037735149494422
34
[  2.07579684  65.2356485  152.52858183  90.75923559]
0.5037735149494422
35
[  2.07579684  65.2356485  152.52858183  90.75923559]
0.5037735149494422
36
[  2.07579684  65.2356485  152.52858183  90.75923559]
0.5037735149494422
37
[  2.07579684  65.2356485  152.52858183  90.75923559]
0.5037735149494422
38
[  2.07579684  65.2356485  152.52858183  90.75923559]
0.5037735149494422
39
[  2.07579684  65.2356485  152.52858183  90.75923559]
0.5037735149494422
40
[  2.07579684  65.2356485  152.52858183  90.75923559]
0.5037735149494422
41
[  2.07579684  65.2356485  152.52858183  90.75923559]
0.5037735149494422
42
[  2.07579684  65.2356485  152.52858183  90.75923559]
0.5037735149494422
43
[  2.07579684  65.2356485  152.52858183  90.75923559]
0.5037735149494422
44
[  2.07579684  65.2356485  152.52858183  90.75923559]
0.5037735149494422
45
[  2.07579684  65.2356485  152.52858183  90.75923559]
0.5037735149494422
46
[  2.07579684  65.2356485  152.52858183  90.75923559]
0.5037735149494422
47
[  2.07579684  65.2356485  152.52858183  90.75923559]
0.5037735149494422
48
[  2.07579684  65.2356485  152.52858183  90.75923559]
0.5037735149494422
49
[  2.07579684  65.2356485  152.52858183  90.75923559]
0.5037735149494422
50
[  2.07579684  65.2356485  152.52858183  90.75923559]
0.5037735149494422
51
[  2.07579684  65.2356485  152.52858183  90.75923559]
0.5037735149494422
52
[  2.07579684  65.2356485  152.52858183  90.75923559]
0.5037735149494422
53
[  2.07579684  65.2356485  152.52858183  90.75923559]
0.5037735149494422
54
[  2.07579684  65.2356485  152.52858183  90.75923559]
0.5037735149494422
55
[  2.07579684  65.2356485  152.52858183  90.75923559]
0.5037735149494422
56
[  2.07579684  65.2356485  152.52858183  90.75923559]
0.5037735149494422
57
[  2.07579684  65.2356485  152.52858183  90.75923559]
0.5037735149494422
58
[  2.07579684  65.2356485  152.52858183  90.75923559]
0.5037735149494422
59
[  2.07579684  65.2356485  152.52858183  90.75923559]
0.5037735149494422
60
[  2.07579684  65.2356485  152.52858183  90.75923559]
0.5037735149494422
61
[  2.07579684  65.2356485  152.52858183  90.75923559]
0.5037735149494422
62
[  2.07579684  65.2356485  152.52858183  90.75923559]
0.5037735149494422
63
[  2.07579684  65.2356485  152.52858183  90.75923559]
0.5037735149494422
64
[  2.07579684  65.2356485  152.52858183  90.75923559]
0.5037735149494422
65
[-46.49279614  52.29167596 175.85859866  98.06674224]
0.5279418408504984
66
[-46.49279614  52.29167596 175.85859866  98.06674224]
0.5279418408504984
67
[-46.49279614  52.29167596 175.85859866  98.06674224]
0.5279418408504984
68
[-46.49279614  52.29167596 175.85859866  98.06674224]
0.5279418408504984
69
[-46.49279614  52.29167596 175.85859866  98.06674224]
0.5279418408504984
70
[-46.49279614  52.29167596 175.85859866  98.06674224]
0.5279418408504984
71
[-46.49279614  52.29167596 175.85859866  98.06674224]
0.5279418408504984
72
[-46.49279614  52.29167596 175.85859866  98.06674224]
0.5279418408504984
73
[-46.49279614  52.29167596 175.85859866  98.06674224]
0.5279418408504984
74
[-46.49279614  52.29167596 175.85859866  98.06674224]
0.5279418408504984
75
[-46.49279614  52.29167596 175.85859866  98.06674224]
0.5279418408504984
76
[-46.49279614  52.29167596 175.85859866  98.06674224]
0.5279418408504984
77
[-46.49279614  52.29167596 175.85859866  98.06674224]
0.5279418408504984
78
[-46.49279614  52.29167596 175.85859866  98.06674224]
0.5279418408504984
79
[-21.14976614  46.80416754 168.89270271  94.96917147]
0.5638501449348827
80
[ 21.84442862  28.04162967 173.58962703 101.0509877 ]
0.7028952236856589
81
[ 21.84442862  28.04162967 173.58962703 101.0509877 ]
0.7028952236856589
82
[ 21.84442862  28.04162967 173.58962703 101.0509877 ]
0.7028952236856589
83
[ 21.84442862  28.04162967 173.58962703 101.0509877 ]
0.7028952236856589
84
[ 21.84442862  28.04162967 173.58962703 101.0509877 ]
0.7028952236856589
85
[ 21.84442862  28.04162967 173.58962703 101.0509877 ]
0.7028952236856589
86
[ 21.84442862  28.04162967 173.58962703 101.0509877 ]
0.7028952236856589
87
[ 21.84442862  28.04162967 173.58962703 101.0509877 ]
0.7028952236856589
88
[ 21.84442862  28.04162967 173.58962703 101.0509877 ]
0.7028952236856589
89
[ 21.84442862  28.04162967 173.58962703 101.0509877 ]
0.7028952236856589
90
[ 21.84442862  28.04162967 173.58962703 101.0509877 ]
0.7028952236856589
91
[ 21.84442862  28.04162967 173.58962703 101.0509877 ]
0.7028952236856589
92
[ 21.84442862  28.04162967 173.58962703 101.0509877 ]
0.7028952236856589
93
[ 21.84442862  28.04162967 173.58962703 101.0509877 ]
0.7028952236856589
94
[ 21.84442862  28.04162967 173.58962703 101.0509877 ]
0.7028952236856589
95
[ 21.84442862  28.04162967 173.58962703 101.0509877 ]
0.7028952236856589
96
[ 21.84442862  28.04162967 173.58962703 101.0509877 ]
0.7028952236856589
97
[ 21.84442862  28.04162967 173.58962703 101.0509877 ]
0.7028952236856589
98
[ 21.84442862  28.04162967 173.58962703 101.0509877 ]
0.7028952236856589
99
[ 21.84442862  28.04162967 173.58962703 101.0509877 ]
0.7028952236856589
100
[ 21.84442862  28.04162967 173.58962703 101.0509877 ]
0.7028952236856589
101
[ 21.84442862  28.04162967 173.58962703 101.0509877 ]
0.7028952236856589
102
[ 21.84442862  28.04162967 173.58962703 101.0509877 ]
0.7028952236856589
103
[ 21.84442862  28.04162967 173.58962703 101.0509877 ]
0.7028952236856589
104
[ 21.84442862  28.04162967 173.58962703 101.0509877 ]
0.7028952236856589
105
[ 21.84442862  28.04162967 173.58962703 101.0509877 ]
0.7028952236856589
106
[ 21.84442862  28.04162967 173.58962703 101.0509877 ]
0.7028952236856589
107
[ 21.84442862  28.04162967 173.58962703 101.0509877 ]
0.7028952236856589
108
[ 21.84442862  28.04162967 173.58962703 101.0509877 ]
0.7028952236856589
109
[ 21.84442862  28.04162967 173.58962703 101.0509877 ]
0.7028952236856589
110
[ 21.84442862  28.04162967 173.58962703 101.0509877 ]
0.7028952236856589
111
[ 21.84442862  28.04162967 173.58962703 101.0509877 ]
0.7028952236856589
112
[ 21.84442862  28.04162967 173.58962703 101.0509877 ]
0.7028952236856589
113
[ 21.84442862  28.04162967 173.58962703 101.0509877 ]
0.7028952236856589
114
[ 21.84442862  28.04162967 173.58962703 101.0509877 ]
0.7028952236856589
115
[ 21.84442862  28.04162967 173.58962703 101.0509877 ]
0.7028952236856589
116
[ 21.84442862  28.04162967 173.58962703 101.0509877 ]
0.7028952236856589
117
[ 21.84442862  28.04162967 173.58962703 101.0509877 ]
0.7028952236856589
118
[ 21.84442862  28.04162967 173.58962703 101.0509877 ]
0.7028952236856589
119
[ 21.84442862  28.04162967 173.58962703 101.0509877 ]
0.7028952236856589
120
[ 21.84442862  28.04162967 173.58962703 101.0509877 ]
0.7028952236856589
121
[ 21.84442862  28.04162967 173.58962703 101.0509877 ]
0.7028952236856589
122
[ 21.84442862  28.04162967 173.58962703 101.0509877 ]
0.7028952236856589
123
[ 21.84442862  28.04162967 173.58962703 101.0509877 ]
0.7028952236856589
124
[ 21.84442862  28.04162967 173.58962703 101.0509877 ]
0.7028952236856589
125
[ 21.84442862  28.04162967 173.58962703 101.0509877 ]
0.7028952236856589
126
[ 21.84442862  28.04162967 173.58962703 101.0509877 ]
0.7028952236856589
127
[ 21.84442862  28.04162967 173.58962703 101.0509877 ]
0.7028952236856589
128
[ 21.84442862  28.04162967 173.58962703 101.0509877 ]
0.7028952236856589
129
[ 21.84442862  28.04162967 173.58962703 101.0509877 ]
0.7028952236856589
130
[ 21.84442862  28.04162967 173.58962703 101.0509877 ]
0.7028952236856589
131
[ 21.84442862  28.04162967 173.58962703 101.0509877 ]
0.7028952236856589
132
[ 21.84442862  28.04162967 173.58962703 101.0509877 ]
0.7028952236856589
133
[ 21.84442862  28.04162967 173.58962703 101.0509877 ]
0.7028952236856589
134
[ 21.84442862  28.04162967 173.58962703 101.0509877 ]
0.7028952236856589
135
[ 21.84442862  28.04162967 173.58962703 101.0509877 ]
0.7028952236856589
136
[ 21.84442862  28.04162967 173.58962703 101.0509877 ]
0.7028952236856589
137
[ 21.84442862  28.04162967 173.58962703 101.0509877 ]
0.7028952236856589
138
[ 21.84442862  28.04162967 173.58962703 101.0509877 ]
0.7028952236856589
139
[ 21.84442862  28.04162967 173.58962703 101.0509877 ]
0.7028952236856589
140
[ 21.84442862  28.04162967 173.58962703 101.0509877 ]
0.7028952236856589
141
[ 21.84442862  28.04162967 173.58962703 101.0509877 ]
0.7028952236856589
142
[ 21.84442862  28.04162967 173.58962703 101.0509877 ]
0.7028952236856589
143
[ 21.84442862  28.04162967 173.58962703 101.0509877 ]
0.7028952236856589
144
[ 21.84442862  28.04162967 173.58962703 101.0509877 ]
0.7028952236856589
145
[ 21.84442862  28.04162967 173.58962703 101.0509877 ]
0.7028952236856589
146
[ 21.84442862  28.04162967 173.58962703 101.0509877 ]
0.7028952236856589
147
[ 21.84442862  28.04162967 173.58962703 101.0509877 ]
0.7028952236856589
148
[ 21.84442862  28.04162967 173.58962703 101.0509877 ]
0.7028952236856589
149
[ 21.84442862  28.04162967 173.58962703 101.0509877 ]
0.7028952236856589
150
[ 21.84442862  28.04162967 173.58962703 101.0509877 ]
0.7028952236856589
151
[ 21.84442862  28.04162967 173.58962703 101.0509877 ]
0.7028952236856589
152
[ 21.84442862  28.04162967 173.58962703 101.0509877 ]
0.7028952236856589
153
[ 21.84442862  28.04162967 173.58962703 101.0509877 ]
0.7028952236856589
154
[ 21.84442862  28.04162967 173.58962703 101.0509877 ]
0.7028952236856589
155
[ 21.84442862  28.04162967 173.58962703 101.0509877 ]
0.7028952236856589
156
[ 21.84442862  28.04162967 173.58962703 101.0509877 ]
0.7028952236856589
157
[ 21.84442862  28.04162967 173.58962703 101.0509877 ]
0.7028952236856589
158
[ 21.84442862  28.04162967 173.58962703 101.0509877 ]
0.7028952236856589
159
[ 21.84442862  28.04162967 173.58962703 101.0509877 ]
0.7028952236856589
160
[ 21.84442862  28.04162967 173.58962703 101.0509877 ]
0.7028952236856589
161
[ 21.84442862  28.04162967 173.58962703 101.0509877 ]
0.7028952236856589
162
[ 21.84442862  28.04162967 173.58962703 101.0509877 ]
0.7028952236856589
163
[ 21.84442862  28.04162967 173.58962703 101.0509877 ]
0.7028952236856589
164
[ 21.84442862  28.04162967 173.58962703 101.0509877 ]
0.7028952236856589
165
[ 21.84442862  28.04162967 173.58962703 101.0509877 ]
0.7028952236856589
166
[ 21.84442862  28.04162967 173.58962703 101.0509877 ]
0.7028952236856589
167
[ 21.84442862  28.04162967 173.58962703 101.0509877 ]
0.7028952236856589
168
[ 21.84442862  28.04162967 173.58962703 101.0509877 ]
0.7028952236856589
169
[ 21.84442862  28.04162967 173.58962703 101.0509877 ]
0.7028952236856589
170
[ 21.84442862  28.04162967 173.58962703 101.0509877 ]
0.7028952236856589
171
[ 21.84442862  28.04162967 173.58962703 101.0509877 ]
0.7028952236856589
172
[ 21.84442862  28.04162967 173.58962703 101.0509877 ]
0.7028952236856589
173
[ 21.84442862  28.04162967 173.58962703 101.0509877 ]
0.7028952236856589
174
[ 21.84442862  28.04162967 173.58962703 101.0509877 ]
0.7028952236856589
175
[ 21.84442862  28.04162967 173.58962703 101.0509877 ]
0.7028952236856589
176
[ 21.84442862  28.04162967 173.58962703 101.0509877 ]
0.7028952236856589
177
[ 21.84442862  28.04162967 173.58962703 101.0509877 ]
0.7028952236856589
178
[ 21.84442862  28.04162967 173.58962703 101.0509877 ]
0.7028952236856589
179
[ 21.84442862  28.04162967 173.58962703 101.0509877 ]
0.7028952236856589
180
[ 21.84442862  28.04162967 173.58962703 101.0509877 ]
0.7028952236856589
181
[ 21.84442862  28.04162967 173.58962703 101.0509877 ]
0.7028952236856589
182
[ 21.84442862  28.04162967 173.58962703 101.0509877 ]
0.7028952236856589
183
[ 21.84442862  28.04162967 173.58962703 101.0509877 ]
0.7028952236856589
184
[ 21.84442862  28.04162967 173.58962703 101.0509877 ]
0.7028952236856589
185
[ 21.84442862  28.04162967 173.58962703 101.0509877 ]
0.7028952236856589
186
[ 21.84442862  28.04162967 173.58962703 101.0509877 ]
0.7028952236856589
187
[ 21.84442862  28.04162967 173.58962703 101.0509877 ]
0.7028952236856589
188
[ 21.84442862  28.04162967 173.58962703 101.0509877 ]
0.7028952236856589
189
[ 21.84442862  28.04162967 173.58962703 101.0509877 ]
0.7028952236856589
190
[ 21.84442862  28.04162967 173.58962703 101.0509877 ]
0.7028952236856589
191
[ 21.84442862  28.04162967 173.58962703 101.0509877 ]
0.7028952236856589
192
[ 21.84442862  28.04162967 173.58962703 101.0509877 ]
0.7028952236856589
193
[ 21.84442862  28.04162967 173.58962703 101.0509877 ]
0.7028952236856589
194
[ 21.84442862  28.04162967 173.58962703 101.0509877 ]
0.7028952236856589
195
[ 21.84442862  28.04162967 173.58962703 101.0509877 ]
0.7028952236856589
196
[ 21.84442862  28.04162967 173.58962703 101.0509877 ]
0.7028952236856589
197
[ 21.84442862  28.04162967 173.58962703 101.0509877 ]
0.7028952236856589
198
[ 21.84442862  28.04162967 173.58962703 101.0509877 ]
0.7028952236856589
199
[ 21.84442862  28.04162967 173.58962703 101.0509877 ]
0.7028952236856589
200
[ 21.84442862  28.04162967 173.58962703 101.0509877 ]
0.7028952236856589
201
[ 21.84442862  28.04162967 173.58962703 101.0509877 ]
0.7028952236856589
202
[ 21.84442862  28.04162967 173.58962703 101.0509877 ]
0.7028952236856589
203
[ 21.84442862  28.04162967 173.58962703 101.0509877 ]
0.7028952236856589
204
[ 21.84442862  28.04162967 173.58962703 101.0509877 ]
0.7028952236856589
205
[ 21.84442862  28.04162967 173.58962703 101.0509877 ]
0.7028952236856589
206
[ 21.84442862  28.04162967 173.58962703 101.0509877 ]
0.7028952236856589
207
[ 21.84442862  28.04162967 173.58962703 101.0509877 ]
0.7028952236856589
208
[ 21.84442862  28.04162967 173.58962703 101.0509877 ]
0.7028952236856589
209
[ 21.84442862  28.04162967 173.58962703 101.0509877 ]
0.7028952236856589
210
[ 21.84442862  28.04162967 173.58962703 101.0509877 ]
0.7028952236856589
211
[ 21.84442862  28.04162967 173.58962703 101.0509877 ]
0.7028952236856589
212
[ 21.84442862  28.04162967 173.58962703 101.0509877 ]
0.7028952236856589
213
[ 21.84442862  28.04162967 173.58962703 101.0509877 ]
0.7028952236856589
214
[ 21.84442862  28.04162967 173.58962703 101.0509877 ]
0.7028952236856589
215
[ 21.84442862  28.04162967 173.58962703 101.0509877 ]
0.7028952236856589
216
[ 21.84442862  28.04162967 173.58962703 101.0509877 ]
0.7028952236856589
217
[ 21.84442862  28.04162967 173.58962703 101.0509877 ]
0.7028952236856589
218
[ 21.84442862  28.04162967 173.58962703 101.0509877 ]
0.7028952236856589
219
[ 21.84442862  28.04162967 173.58962703 101.0509877 ]
0.7028952236856589
220
[ 21.84442862  28.04162967 173.58962703 101.0509877 ]
0.7028952236856589
221
[ 21.84442862  28.04162967 173.58962703 101.0509877 ]
0.7028952236856589
222
[ 21.84442862  28.04162967 173.58962703 101.0509877 ]
0.7028952236856589
223
[ 21.84442862  28.04162967 173.58962703 101.0509877 ]
0.7028952236856589
224
[ 21.84442862  28.04162967 173.58962703 101.0509877 ]
0.7028952236856589
225
[ 21.84442862  28.04162967 173.58962703 101.0509877 ]
0.7028952236856589
226
[ 21.84442862  28.04162967 173.58962703 101.0509877 ]
0.7028952236856589
227
[ 21.84442862  28.04162967 173.58962703 101.0509877 ]
0.7028952236856589
228
[ 21.84442862  28.04162967 173.58962703 101.0509877 ]
0.7028952236856589
229
[ 21.84442862  28.04162967 173.58962703 101.0509877 ]
0.7028952236856589
230
[ 21.84442862  28.04162967 173.58962703 101.0509877 ]
0.7028952236856589
231
[ 21.84442862  28.04162967 173.58962703 101.0509877 ]
0.7028952236856589
232
[ 21.84442862  28.04162967 173.58962703 101.0509877 ]
0.7028952236856589
233
[ 21.84442862  28.04162967 173.58962703 101.0509877 ]
0.7028952236856589
234
[ 21.84442862  28.04162967 173.58962703 101.0509877 ]
0.7028952236856589
235
[ 21.84442862  28.04162967 173.58962703 101.0509877 ]
0.7028952236856589
236
[ 21.84442862  28.04162967 173.58962703 101.0509877 ]
0.7028952236856589
237
[ 21.84442862  28.04162967 173.58962703 101.0509877 ]
0.7028952236856589
238
[ 21.84442862  28.04162967 173.58962703 101.0509877 ]
0.7028952236856589
239
[ 21.84442862  28.04162967 173.58962703 101.0509877 ]
0.7028952236856589
240
[ 21.84442862  28.04162967 173.58962703 101.0509877 ]
0.7028952236856589
241
[ 21.84442862  28.04162967 173.58962703 101.0509877 ]
0.7028952236856589
242
[ 21.84442862  28.04162967 173.58962703 101.0509877 ]
0.7028952236856589
243
[ 21.84442862  28.04162967 173.58962703 101.0509877 ]
0.7028952236856589
244
[ 21.84442862  28.04162967 173.58962703 101.0509877 ]
0.7028952236856589
245
[ 21.84442862  28.04162967 173.58962703 101.0509877 ]
0.7028952236856589
246
[ 21.84442862  28.04162967 173.58962703 101.0509877 ]
0.7028952236856589
247
[ 21.84442862  28.04162967 173.58962703 101.0509877 ]
0.7028952236856589
248
[ 21.84442862  28.04162967 173.58962703 101.0509877 ]
0.7028952236856589
249
[ 21.84442862  28.04162967 173.58962703 101.0509877 ]
0.7028952236856589
250
[ 21.84442862  28.04162967 173.58962703 101.0509877 ]
0.7028952236856589
251
[ 21.84442862  28.04162967 173.58962703 101.0509877 ]
0.7028952236856589
252
[ 21.84442862  28.04162967 173.58962703 101.0509877 ]
0.7028952236856589
253
[ 21.84442862  28.04162967 173.58962703 101.0509877 ]
0.7028952236856589
254
[ 21.84442862  28.04162967 173.58962703 101.0509877 ]
0.7028952236856589
255
[ 21.84442862  28.04162967 173.58962703 101.0509877 ]
0.7028952236856589
256
[ 21.84442862  28.04162967 173.58962703 101.0509877 ]
0.7028952236856589
257
[ 21.84442862  28.04162967 173.58962703 101.0509877 ]
0.7028952236856589
258
[ 21.84442862  28.04162967 173.58962703 101.0509877 ]
0.7028952236856589
259
[ 21.84442862  28.04162967 173.58962703 101.0509877 ]
0.7028952236856589
260
[ 21.84442862  28.04162967 173.58962703 101.0509877 ]
0.7028952236856589
261
[ 21.84442862  28.04162967 173.58962703 101.0509877 ]
0.7028952236856589
262
[ 21.84442862  28.04162967 173.58962703 101.0509877 ]
0.7028952236856589
263
[ 21.84442862  28.04162967 173.58962703 101.0509877 ]
0.7028952236856589
264
[ 21.84442862  28.04162967 173.58962703 101.0509877 ]
0.7028952236856589
265
[ 21.84442862  28.04162967 173.58962703 101.0509877 ]
0.7028952236856589
266
[ 21.84442862  28.04162967 173.58962703 101.0509877 ]
0.7028952236856589
267
[ 21.84442862  28.04162967 173.58962703 101.0509877 ]
0.7028952236856589
268
[ 21.84442862  28.04162967 173.58962703 101.0509877 ]
0.7028952236856589
269
[ 21.84442862  28.04162967 173.58962703 101.0509877 ]
0.7028952236856589
270
[ 21.84442862  28.04162967 173.58962703 101.0509877 ]
0.7028952236856589
271
[ 21.84442862  28.04162967 173.58962703 101.0509877 ]
0.7028952236856589
272
[ 21.84442862  28.04162967 173.58962703 101.0509877 ]
0.7028952236856589
273
[ 21.84442862  28.04162967 173.58962703 101.0509877 ]
0.7028952236856589
274
[ 21.84442862  28.04162967 173.58962703 101.0509877 ]
0.7028952236856589
275
[ 21.84442862  28.04162967 173.58962703 101.0509877 ]
0.7028952236856589
276
[ 21.84442862  28.04162967 173.58962703 101.0509877 ]
0.7028952236856589
277
[ 21.84442862  28.04162967 173.58962703 101.0509877 ]
0.7028952236856589
278
[ 21.84442862  28.04162967 173.58962703 101.0509877 ]
0.7028952236856589
279
[ 21.84442862  28.04162967 173.58962703 101.0509877 ]
0.7028952236856589
280
[ 21.84442862  28.04162967 173.58962703 101.0509877 ]
0.7028952236856589
281
[ 21.84442862  28.04162967 173.58962703 101.0509877 ]
0.7028952236856589
282
[ 21.84442862  28.04162967 173.58962703 101.0509877 ]
0.7028952236856589
283
[ 21.84442862  28.04162967 173.58962703 101.0509877 ]
0.7028952236856589
284
[ 21.84442862  28.04162967 173.58962703 101.0509877 ]
0.7028952236856589
285
[ 21.84442862  28.04162967 173.58962703 101.0509877 ]
0.7028952236856589
286
[ 21.84442862  28.04162967 173.58962703 101.0509877 ]
0.7028952236856589
287
[ 21.84442862  28.04162967 173.58962703 101.0509877 ]
0.7028952236856589
288
[ 21.84442862  28.04162967 173.58962703 101.0509877 ]
0.7028952236856589
289
[ 21.84442862  28.04162967 173.58962703 101.0509877 ]
0.7028952236856589
290
[ 21.84442862  28.04162967 173.58962703 101.0509877 ]
0.7028952236856589
291
[ 21.84442862  28.04162967 173.58962703 101.0509877 ]
0.7028952236856589
292
[ 21.84442862  28.04162967 173.58962703 101.0509877 ]
0.7028952236856589
293
[ 21.84442862  28.04162967 173.58962703 101.0509877 ]
0.7028952236856589
294
[ 21.84442862  28.04162967 173.58962703 101.0509877 ]
0.7028952236856589
295
[ 21.84442862  28.04162967 173.58962703 101.0509877 ]
0.7028952236856589
296
[ 21.84442862  28.04162967 173.58962703 101.0509877 ]
0.7028952236856589
297
[ 21.84442862  28.04162967 173.58962703 101.0509877 ]
0.7028952236856589
298
[ 21.84442862  28.04162967 173.58962703 101.0509877 ]
0.7028952236856589
299
[ 21.84442862  28.04162967 173.58962703 101.0509877 ]
0.7028952236856589
300
[ 21.84442862  28.04162967 173.58962703 101.0509877 ]
0.7028952236856589
301
[ 21.84442862  28.04162967 173.58962703 101.0509877 ]
0.7028952236856589
302
[ 21.84442862  28.04162967 173.58962703 101.0509877 ]
0.7028952236856589
303
[ 21.84442862  28.04162967 173.58962703 101.0509877 ]
0.7028952236856589
304
[ 21.84442862  28.04162967 173.58962703 101.0509877 ]
0.7028952236856589
305
[ 21.84442862  28.04162967 173.58962703 101.0509877 ]
0.7028952236856589
306
[ 21.84442862  28.04162967 173.58962703 101.0509877 ]
0.7028952236856589
307
[ 21.84442862  28.04162967 173.58962703 101.0509877 ]
0.7028952236856589
308
[ 21.84442862  28.04162967 173.58962703 101.0509877 ]
0.7028952236856589
309
[ 21.84442862  28.04162967 173.58962703 101.0509877 ]
0.7028952236856589
310
[ 21.84442862  28.04162967 173.58962703 101.0509877 ]
0.7028952236856589
311
[ 21.84442862  28.04162967 173.58962703 101.0509877 ]
0.7028952236856589
312
[ 21.84442862  28.04162967 173.58962703 101.0509877 ]
0.7028952236856589
313
[ 21.84442862  28.04162967 173.58962703 101.0509877 ]
0.7028952236856589
314
[ 21.84442862  28.04162967 173.58962703 101.0509877 ]
0.7028952236856589
315
[ 21.84442862  28.04162967 173.58962703 101.0509877 ]
0.7028952236856589
316
[ 21.84442862  28.04162967 173.58962703 101.0509877 ]
0.7028952236856589
317
[ 21.84442862  28.04162967 173.58962703 101.0509877 ]
0.7028952236856589
318
[ 21.84442862  28.04162967 173.58962703 101.0509877 ]
0.7028952236856589
319
[ 21.84442862  28.04162967 173.58962703 101.0509877 ]
0.7028952236856589
320
[ 21.84442862  28.04162967 173.58962703 101.0509877 ]
0.7028952236856589
321
[ 21.84442862  28.04162967 173.58962703 101.0509877 ]
0.7028952236856589
322
[ 21.84442862  28.04162967 173.58962703 101.0509877 ]
0.7028952236856589
323
[ 21.84442862  28.04162967 173.58962703 101.0509877 ]
0.7028952236856589
324
[ 21.84442862  28.04162967 173.58962703 101.0509877 ]
0.7028952236856589
325
[ 21.84442862  28.04162967 173.58962703 101.0509877 ]
0.7028952236856589
326
[ 21.84442862  28.04162967 173.58962703 101.0509877 ]
0.7028952236856589
327
[ 21.84442862  28.04162967 173.58962703 101.0509877 ]
0.7028952236856589
328
[ 21.84442862  28.04162967 173.58962703 101.0509877 ]
0.7028952236856589
329
[ 21.84442862  28.04162967 173.58962703 101.0509877 ]
0.7028952236856589
330
[ 21.84442862  28.04162967 173.58962703 101.0509877 ]
0.7028952236856589
331
[ 21.84442862  28.04162967 173.58962703 101.0509877 ]
0.7028952236856589
332
[ 21.84442862  28.04162967 173.58962703 101.0509877 ]
0.7028952236856589
333
[ 21.84442862  28.04162967 173.58962703 101.0509877 ]
0.7028952236856589
334
[ 21.84442862  28.04162967 173.58962703 101.0509877 ]
0.7028952236856589
335
[ 21.84442862  28.04162967 173.58962703 101.0509877 ]
0.7028952236856589
336
[ 21.84442862  28.04162967 173.58962703 101.0509877 ]
0.7028952236856589
337
[ 21.84442862  28.04162967 173.58962703 101.0509877 ]
0.7028952236856589
338
[ 21.84442862  28.04162967 173.58962703 101.0509877 ]
0.7028952236856589
339
[ 21.84442862  28.04162967 173.58962703 101.0509877 ]
0.7028952236856589
340
[ 21.84442862  28.04162967 173.58962703 101.0509877 ]
0.7028952236856589
341
[ 21.84442862  28.04162967 173.58962703 101.0509877 ]
0.7028952236856589
342
[ 21.84442862  28.04162967 173.58962703 101.0509877 ]
0.7028952236856589
343
[ 21.84442862  28.04162967 173.58962703 101.0509877 ]
0.7028952236856589
344
[ 21.84442862  28.04162967 173.58962703 101.0509877 ]
0.7028952236856589
345
[ 21.84442862  28.04162967 173.58962703 101.0509877 ]
0.7028952236856589
346
[ 21.84442862  28.04162967 173.58962703 101.0509877 ]
0.7028952236856589
347
[ 21.84442862  28.04162967 173.58962703 101.0509877 ]
0.7028952236856589
348
[ 21.84442862  28.04162967 173.58962703 101.0509877 ]
0.7028952236856589
349
[ 21.84442862  28.04162967 173.58962703 101.0509877 ]
0.7028952236856589
350
[ 21.84442862  28.04162967 173.58962703 101.0509877 ]
0.7028952236856589
351
[ 21.84442862  28.04162967 173.58962703 101.0509877 ]
0.7028952236856589
352
[ 21.84442862  28.04162967 173.58962703 101.0509877 ]
0.7028952236856589
353
[ 21.84442862  28.04162967 173.58962703 101.0509877 ]
0.7028952236856589
354
[ 21.84442862  28.04162967 173.58962703 101.0509877 ]
0.7028952236856589
355
[ 21.84442862  28.04162967 173.58962703 101.0509877 ]
0.7028952236856589
356
[ 21.84442862  28.04162967 173.58962703 101.0509877 ]
0.7028952236856589
357
[ 21.84442862  28.04162967 173.58962703 101.0509877 ]
0.7028952236856589
358
[ 21.84442862  28.04162967 173.58962703 101.0509877 ]
0.7028952236856589
359
[ 21.84442862  28.04162967 173.58962703 101.0509877 ]
0.7028952236856589
360
[ 21.84442862  28.04162967 173.58962703 101.0509877 ]
0.7028952236856589
361
[ 21.84442862  28.04162967 173.58962703 101.0509877 ]
0.7028952236856589
362
[ 21.84442862  28.04162967 173.58962703 101.0509877 ]
0.7028952236856589
363
[ 21.84442862  28.04162967 173.58962703 101.0509877 ]
0.7028952236856589
364
[ 21.84442862  28.04162967 173.58962703 101.0509877 ]
0.7028952236856589
365
[ 21.84442862  28.04162967 173.58962703 101.0509877 ]
0.7028952236856589
366
[ 21.84442862  28.04162967 173.58962703 101.0509877 ]
0.7028952236856589
367
[ 21.84442862  28.04162967 173.58962703 101.0509877 ]
0.7028952236856589
368
[ 21.84442862  28.04162967 173.58962703 101.0509877 ]
0.7028952236856589
369
[ 21.84442862  28.04162967 173.58962703 101.0509877 ]
0.7028952236856589
370
[ 21.84442862  28.04162967 173.58962703 101.0509877 ]
0.7028952236856589
371
[ 21.84442862  28.04162967 173.58962703 101.0509877 ]
0.7028952236856589
372
[ 21.84442862  28.04162967 173.58962703 101.0509877 ]
0.7028952236856589
373
[ 21.84442862  28.04162967 173.58962703 101.0509877 ]
0.7028952236856589
374
[ 21.84442862  28.04162967 173.58962703 101.0509877 ]
0.7028952236856589
375
[ 21.84442862  28.04162967 173.58962703 101.0509877 ]
0.7028952236856589
376
[ 21.84442862  28.04162967 173.58962703 101.0509877 ]
0.7028952236856589
377
[ 21.84442862  28.04162967 173.58962703 101.0509877 ]
0.7028952236856589
378
[ 21.84442862  28.04162967 173.58962703 101.0509877 ]
0.7028952236856589
379
[ 21.84442862  28.04162967 173.58962703 101.0509877 ]
0.7028952236856589
380
[ 21.84442862  28.04162967 173.58962703 101.0509877 ]
0.7028952236856589
381
[ 21.84442862  28.04162967 173.58962703 101.0509877 ]
0.7028952236856589
382
[ 21.84442862  28.04162967 173.58962703 101.0509877 ]
0.7028952236856589
383
[ 21.84442862  28.04162967 173.58962703 101.0509877 ]
0.7028952236856589
384
[ 21.84442862  28.04162967 173.58962703 101.0509877 ]
0.7028952236856589
385
[ 21.84442862  28.04162967 173.58962703 101.0509877 ]
0.7028952236856589
386
[ 21.84442862  28.04162967 173.58962703 101.0509877 ]
0.7028952236856589
387
[ 21.84442862  28.04162967 173.58962703 101.0509877 ]
0.7028952236856589
388
[ 21.84442862  28.04162967 173.58962703 101.0509877 ]
0.7028952236856589
389
[ 21.84442862  28.04162967 173.58962703 101.0509877 ]
0.7028952236856589
390
[ 21.84442862  28.04162967 173.58962703 101.0509877 ]
0.7028952236856589
391
[ 21.84442862  28.04162967 173.58962703 101.0509877 ]
0.7028952236856589
392
[ 21.84442862  28.04162967 173.58962703 101.0509877 ]
0.7028952236856589
393
[ 21.84442862  28.04162967 173.58962703 101.0509877 ]
0.7028952236856589
394
[ 21.84442862  28.04162967 173.58962703 101.0509877 ]
0.7028952236856589
395
[ 21.84442862  28.04162967 173.58962703 101.0509877 ]
0.7028952236856589
396
[ 21.84442862  28.04162967 173.58962703 101.0509877 ]
0.7028952236856589
397
[ 21.84442862  28.04162967 173.58962703 101.0509877 ]
0.7028952236856589
398
[ 21.84442862  28.04162967 173.58962703 101.0509877 ]
0.7028952236856589
399
[ 21.84442862  28.04162967 173.58962703 101.0509877 ]
0.7028952236856589
400
[ 21.84442862  28.04162967 173.58962703 101.0509877 ]
0.7028952236856589
401
[ 21.84442862  28.04162967 173.58962703 101.0509877 ]
0.7028952236856589
402
[ 21.84442862  28.04162967 173.58962703 101.0509877 ]
0.7028952236856589
403
[ 21.84442862  28.04162967 173.58962703 101.0509877 ]
0.7028952236856589
404
[ 21.84442862  28.04162967 173.58962703 101.0509877 ]
0.7028952236856589
405
[ 21.84442862  28.04162967 173.58962703 101.0509877 ]
0.7028952236856589
406
[ 21.84442862  28.04162967 173.58962703 101.0509877 ]
0.7028952236856589
407
[ 21.84442862  28.04162967 173.58962703 101.0509877 ]
0.7028952236856589
408
[ 21.84442862  28.04162967 173.58962703 101.0509877 ]
0.7028952236856589
409
[ 21.84442862  28.04162967 173.58962703 101.0509877 ]
0.7028952236856589
410
[ 21.84442862  28.04162967 173.58962703 101.0509877 ]
0.7028952236856589
411
[ 21.84442862  28.04162967 173.58962703 101.0509877 ]
0.7028952236856589
412
[ 21.84442862  28.04162967 173.58962703 101.0509877 ]
0.7028952236856589
413
[ 21.84442862  28.04162967 173.58962703 101.0509877 ]
0.7028952236856589
414
[ 21.84442862  28.04162967 173.58962703 101.0509877 ]
0.7028952236856589
415
[ 21.84442862  28.04162967 173.58962703 101.0509877 ]
0.7028952236856589
416
[ 21.84442862  28.04162967 173.58962703 101.0509877 ]
0.7028952236856589
417
[ 21.84442862  28.04162967 173.58962703 101.0509877 ]
0.7028952236856589
418
[ 21.84442862  28.04162967 173.58962703 101.0509877 ]
0.7028952236856589
419
[ 21.84442862  28.04162967 173.58962703 101.0509877 ]
0.7028952236856589
420
[ 21.84442862  28.04162967 173.58962703 101.0509877 ]
0.7028952236856589
421
[ 21.84442862  28.04162967 173.58962703 101.0509877 ]
0.7028952236856589
422
[ 21.84442862  28.04162967 173.58962703 101.0509877 ]
0.7028952236856589
423
[ 21.84442862  28.04162967 173.58962703 101.0509877 ]
0.7028952236856589
424
[ 21.84442862  28.04162967 173.58962703 101.0509877 ]
0.7028952236856589
425
[ 21.84442862  28.04162967 173.58962703 101.0509877 ]
0.7028952236856589
426
[ 21.84442862  28.04162967 173.58962703 101.0509877 ]
0.7028952236856589
427
[ 21.84442862  28.04162967 173.58962703 101.0509877 ]
0.7028952236856589
428
[ 21.84442862  28.04162967 173.58962703 101.0509877 ]
0.7028952236856589
429
[ 21.84442862  28.04162967 173.58962703 101.0509877 ]
0.7028952236856589
430
[ 21.84442862  28.04162967 173.58962703 101.0509877 ]
0.7028952236856589
431
[ 21.84442862  28.04162967 173.58962703 101.0509877 ]
0.7028952236856589
432
[ 21.84442862  28.04162967 173.58962703 101.0509877 ]
0.7028952236856589
433
[ 21.84442862  28.04162967 173.58962703 101.0509877 ]
0.7028952236856589
434
[ 21.84442862  28.04162967 173.58962703 101.0509877 ]
0.7028952236856589
435
[ 21.84442862  28.04162967 173.58962703 101.0509877 ]
0.7028952236856589
436
[ 21.84442862  28.04162967 173.58962703 101.0509877 ]
0.7028952236856589
437
[ 21.84442862  28.04162967 173.58962703 101.0509877 ]
0.7028952236856589
438
[ 21.84442862  28.04162967 173.58962703 101.0509877 ]
0.7028952236856589
439
[ 21.84442862  28.04162967 173.58962703 101.0509877 ]
0.7028952236856589
440
[ 21.84442862  28.04162967 173.58962703 101.0509877 ]
0.7028952236856589
441
[ 21.84442862  28.04162967 173.58962703 101.0509877 ]
0.7028952236856589
442
[ 21.84442862  28.04162967 173.58962703 101.0509877 ]
0.7028952236856589
443
[ 21.84442862  28.04162967 173.58962703 101.0509877 ]
0.7028952236856589
444
[ 21.84442862  28.04162967 173.58962703 101.0509877 ]
0.7028952236856589
445
[ 21.84442862  28.04162967 173.58962703 101.0509877 ]
0.7028952236856589
446
[ 21.84442862  28.04162967 173.58962703 101.0509877 ]
0.7028952236856589
447
[ 21.84442862  28.04162967 173.58962703 101.0509877 ]
0.7028952236856589
448
[ 21.84442862  28.04162967 173.58962703 101.0509877 ]
0.7028952236856589
449
[ 21.84442862  28.04162967 173.58962703 101.0509877 ]
0.7028952236856589
450
[ 21.84442862  28.04162967 173.58962703 101.0509877 ]
0.7028952236856589
451
[ 21.84442862  28.04162967 173.58962703 101.0509877 ]
0.7028952236856589
452
[ 21.84442862  28.04162967 173.58962703 101.0509877 ]
0.7028952236856589
453
[ 21.84442862  28.04162967 173.58962703 101.0509877 ]
0.7028952236856589
454
[ 21.84442862  28.04162967 173.58962703 101.0509877 ]
0.7028952236856589
455
[ 21.84442862  28.04162967 173.58962703 101.0509877 ]
0.7028952236856589
456
[ 21.84442862  28.04162967 173.58962703 101.0509877 ]
0.7028952236856589
457
[ 21.84442862  28.04162967 173.58962703 101.0509877 ]
0.7028952236856589
458
[ 21.84442862  28.04162967 173.58962703 101.0509877 ]
0.7028952236856589
459
[ 21.84442862  28.04162967 173.58962703 101.0509877 ]
0.7028952236856589
460
[ 21.84442862  28.04162967 173.58962703 101.0509877 ]
0.7028952236856589
461
[ 21.84442862  28.04162967 173.58962703 101.0509877 ]
0.7028952236856589
462
[ 21.84442862  28.04162967 173.58962703 101.0509877 ]
0.7028952236856589
463
[ 21.84442862  28.04162967 173.58962703 101.0509877 ]
0.7028952236856589
464
[ 21.84442862  28.04162967 173.58962703 101.0509877 ]
0.7028952236856589
465
[ 21.84442862  28.04162967 173.58962703 101.0509877 ]
0.7028952236856589
466
[ 21.84442862  28.04162967 173.58962703 101.0509877 ]
0.7028952236856589
467
[ 21.84442862  28.04162967 173.58962703 101.0509877 ]
0.7028952236856589
468
[ 21.84442862  28.04162967 173.58962703 101.0509877 ]
0.7028952236856589
469
[ 21.84442862  28.04162967 173.58962703 101.0509877 ]
0.7028952236856589
470
[ 21.84442862  28.04162967 173.58962703 101.0509877 ]
0.7028952236856589
471
[ 21.84442862  28.04162967 173.58962703 101.0509877 ]
0.7028952236856589
472
[ 21.84442862  28.04162967 173.58962703 101.0509877 ]
0.7028952236856589
473
[ 21.84442862  28.04162967 173.58962703 101.0509877 ]
0.7028952236856589
474
[ 21.84442862  28.04162967 173.58962703 101.0509877 ]
0.7028952236856589
475
[ 21.84442862  28.04162967 173.58962703 101.0509877 ]
0.7028952236856589
476
[ 21.84442862  28.04162967 173.58962703 101.0509877 ]
0.7028952236856589
477
[ 21.84442862  28.04162967 173.58962703 101.0509877 ]
0.7028952236856589
478
[ 21.84442862  28.04162967 173.58962703 101.0509877 ]
0.7028952236856589
479
[ 21.84442862  28.04162967 173.58962703 101.0509877 ]
0.7028952236856589
480
[ 21.84442862  28.04162967 173.58962703 101.0509877 ]
0.7028952236856589
481
[ 21.84442862  28.04162967 173.58962703 101.0509877 ]
0.7028952236856589
482
[ 21.84442862  28.04162967 173.58962703 101.0509877 ]
0.7028952236856589
483
[ 21.84442862  28.04162967 173.58962703 101.0509877 ]
0.7028952236856589
484
[ 21.84442862  28.04162967 173.58962703 101.0509877 ]
0.7028952236856589
485
[ 21.84442862  28.04162967 173.58962703 101.0509877 ]
0.7028952236856589
486
[ 21.84442862  28.04162967 173.58962703 101.0509877 ]
0.7028952236856589
487
[ 21.84442862  28.04162967 173.58962703 101.0509877 ]
0.7028952236856589
488
[ 21.84442862  28.04162967 173.58962703 101.0509877 ]
0.7028952236856589
489
[ 21.84442862  28.04162967 173.58962703 101.0509877 ]
0.7028952236856589
490
[ 21.84442862  28.04162967 173.58962703 101.0509877 ]
0.7028952236856589
491
[ 21.84442862  28.04162967 173.58962703 101.0509877 ]
0.7028952236856589
492
[ 21.84442862  28.04162967 173.58962703 101.0509877 ]
0.7028952236856589
493
[ 21.84442862  28.04162967 173.58962703 101.0509877 ]
0.7028952236856589
494
[ 21.84442862  28.04162967 173.58962703 101.0509877 ]
0.7028952236856589
495
[ 21.84442862  28.04162967 173.58962703 101.0509877 ]
0.7028952236856589
496
[ 21.84442862  28.04162967 173.58962703 101.0509877 ]
0.7028952236856589
497
[ 21.84442862  28.04162967 173.58962703 101.0509877 ]
0.7028952236856589
498
[ 21.84442862  28.04162967 173.58962703 101.0509877 ]
0.7028952236856589
499
[ 21.84442862  28.04162967 173.58962703 101.0509877 ]
0.7028952236856589