"C:\Users\Ayato Tomofuji\OneDrive - 公立大学法人大阪\ドキュメント\XFC\Kessler\kessler-game\venv\Scripts\python.exe" "C:\Users\Ayato Tomofuji\OneDrive - 公立大学法人大阪\ドキュメント\XFC\Kessler\kessler-game\examples\run_new.py"
[0.04100678 0.04745183 0.03620448 0.03661967 0.04354112 0.04085969
 0.03549045 0.03783306 0.03579586 0.04049176]
0
[-11.05945143  95.32412297 218.7775537   82.45321666]
0.34669308865674103
1
[  8.05606364  91.058441   188.09035682  98.57962621]
0.3688108740489699
2
[-17.33759543  58.26058212 221.57950578  85.41998048]
0.5060473347841541
3
[-17.33759543  58.26058212 221.57950578  85.41998048]
0.5060473347841541
4
[-17.33759543  58.26058212 221.57950578  85.41998048]
0.5060473347841541
5
[-17.33759543  58.26058212 221.57950578  85.41998048]
0.5060473347841541
6
[-17.33759543  58.26058212 221.57950578  85.41998048]
0.5060473347841541
7
[-17.33759543  58.26058212 221.57950578  85.41998048]
0.5060473347841541
8
[-17.33759543  58.26058212 221.57950578  85.41998048]
0.5060473347841541
9
[-17.33759543  58.26058212 221.57950578  85.41998048]
0.5060473347841541
10
[-17.33759543  58.26058212 221.57950578  85.41998048]
0.5060473347841541
11
[-17.33759543  58.26058212 221.57950578  85.41998048]
0.5060473347841541
12
[-17.33759543  58.26058212 221.57950578  85.41998048]
0.5060473347841541
13
[-17.33759543  58.26058212 221.57950578  85.41998048]
0.5060473347841541
14
[-17.33759543  58.26058212 221.57950578  85.41998048]
0.5060473347841541
15
[-17.33759543  58.26058212 221.57950578  85.41998048]
0.5060473347841541
16
[-17.33759543  58.26058212 221.57950578  85.41998048]
0.5060473347841541
17
[-17.33759543  58.26058212 221.57950578  85.41998048]
0.5060473347841541
18
[-17.33759543  58.26058212 221.57950578  85.41998048]
0.5060473347841541
19
[-17.33759543  58.26058212 221.57950578  85.41998048]
0.5060473347841541
20
[-17.33759543  58.26058212 221.57950578  85.41998048]
0.5060473347841541
21
[-17.33759543  58.26058212 221.57950578  85.41998048]
0.5060473347841541
22
[-17.33759543  58.26058212 221.57950578  85.41998048]
0.5060473347841541
23
[-17.33759543  58.26058212 221.57950578  85.41998048]
0.5060473347841541
24
[-17.33759543  58.26058212 221.57950578  85.41998048]
0.5060473347841541
25
[-17.33759543  58.26058212 221.57950578  85.41998048]
0.5060473347841541
26
[-17.33759543  58.26058212 221.57950578  85.41998048]
0.5060473347841541
27
[-17.33759543  58.26058212 221.57950578  85.41998048]
0.5060473347841541
28
[-17.33759543  58.26058212 221.57950578  85.41998048]
0.5060473347841541
29
[-17.33759543  58.26058212 221.57950578  85.41998048]
0.5060473347841541
30
[-17.33759543  58.26058212 221.57950578  85.41998048]
0.5060473347841541
31
[-17.33759543  58.26058212 221.57950578  85.41998048]
0.5060473347841541
32
[-17.33759543  58.26058212 221.57950578  85.41998048]
0.5060473347841541
33
[-17.33759543  58.26058212 221.57950578  85.41998048]
0.5060473347841541
34
[-17.33759543  58.26058212 221.57950578  85.41998048]
0.5060473347841541
35
[-17.33759543  58.26058212 221.57950578  85.41998048]
0.5060473347841541
36
[-17.33759543  58.26058212 221.57950578  85.41998048]
0.5060473347841541
37
[-17.33759543  58.26058212 221.57950578  85.41998048]
0.5060473347841541
38
[-17.33759543  58.26058212 221.57950578  85.41998048]
0.5060473347841541
39
[-17.33759543  58.26058212 221.57950578  85.41998048]
0.5060473347841541
40
[-17.33759543  58.26058212 221.57950578  85.41998048]
0.5060473347841541
41
[-17.33759543  58.26058212 221.57950578  85.41998048]
0.5060473347841541
42
[-17.33759543  58.26058212 221.57950578  85.41998048]
0.5060473347841541
43
[-17.33759543  58.26058212 221.57950578  85.41998048]
0.5060473347841541
44
[-17.33759543  58.26058212 221.57950578  85.41998048]
0.5060473347841541
45
[-17.33759543  58.26058212 221.57950578  85.41998048]
0.5060473347841541
46
[-17.33759543  58.26058212 221.57950578  85.41998048]
0.5060473347841541
47
[-17.33759543  58.26058212 221.57950578  85.41998048]
0.5060473347841541
48
[-17.33759543  58.26058212 221.57950578  85.41998048]
0.5060473347841541
49
[-17.33759543  58.26058212 221.57950578  85.41998048]
0.5060473347841541
50
[-17.33759543  58.26058212 221.57950578  85.41998048]
0.5060473347841541
51
[-17.33759543  58.26058212 221.57950578  85.41998048]
0.5060473347841541
52
[-17.33759543  58.26058212 221.57950578  85.41998048]
0.5060473347841541
53
[-17.33759543  58.26058212 221.57950578  85.41998048]
0.5060473347841541
54
[-17.33759543  58.26058212 221.57950578  85.41998048]
0.5060473347841541
55
[-17.33759543  58.26058212 221.57950578  85.41998048]
0.5060473347841541
56
[-17.33759543  58.26058212 221.57950578  85.41998048]
0.5060473347841541
57
[-17.33759543  58.26058212 221.57950578  85.41998048]
0.5060473347841541
58
[-17.33759543  58.26058212 221.57950578  85.41998048]
0.5060473347841541
59
[-17.33759543  58.26058212 221.57950578  85.41998048]
0.5060473347841541
60
[-17.33759543  58.26058212 221.57950578  85.41998048]
0.5060473347841541
61
[-17.33759543  58.26058212 221.57950578  85.41998048]
0.5060473347841541
62
[-17.33759543  58.26058212 221.57950578  85.41998048]
0.5060473347841541
63
[-17.33759543  58.26058212 221.57950578  85.41998048]
0.5060473347841541
64
[-17.33759543  58.26058212 221.57950578  85.41998048]
0.5060473347841541
65
[-17.33759543  58.26058212 221.57950578  85.41998048]
0.5060473347841541
66
[-17.33759543  58.26058212 221.57950578  85.41998048]
0.5060473347841541
67
[-17.33759543  58.26058212 221.57950578  85.41998048]
0.5060473347841541
68
[-17.33759543  58.26058212 221.57950578  85.41998048]
0.5060473347841541
69
[  4.25826948  75.20249958 141.46094309  80.30053573]
0.5163417596128314
70
[  4.25826948  75.20249958 141.46094309  80.30053573]
0.5163417596128314
71
[  4.25826948  75.20249958 141.46094309  80.30053573]
0.5163417596128314
72
[  4.25826948  75.20249958 141.46094309  80.30053573]
0.5163417596128314
73
[  4.25826948  75.20249958 141.46094309  80.30053573]
0.5163417596128314
74
[  4.25826948  75.20249958 141.46094309  80.30053573]
0.5163417596128314
75
[  4.25826948  75.20249958 141.46094309  80.30053573]
0.5163417596128314
76
[  4.25826948  75.20249958 141.46094309  80.30053573]
0.5163417596128314
77
[  4.25826948  75.20249958 141.46094309  80.30053573]
0.5163417596128314
78
[  4.25826948  75.20249958 141.46094309  80.30053573]
0.5163417596128314
79
[  4.25826948  75.20249958 141.46094309  80.30053573]
0.5163417596128314
80
[  4.25826948  75.20249958 141.46094309  80.30053573]
0.5163417596128314
81
[  4.25826948  75.20249958 141.46094309  80.30053573]
0.5163417596128314
82
[  4.25826948  75.20249958 141.46094309  80.30053573]
0.5163417596128314
83
[  8.76114752  56.87787317 210.32962363  87.50589826]
0.5192610956942949
84
[  8.76114752  56.87787317 210.32962363  87.50589826]
0.5192610956942949
85
[  8.76114752  56.87787317 210.32962363  87.50589826]
0.5192610956942949
86
[  8.76114752  56.87787317 210.32962363  87.50589826]
0.5192610956942949
87
[  8.76114752  56.87787317 210.32962363  87.50589826]
0.5192610956942949
88
[  8.76114752  56.87787317 210.32962363  87.50589826]
0.5192610956942949
89
[  8.76114752  56.87787317 210.32962363  87.50589826]
0.5192610956942949
90
[  8.76114752  56.87787317 210.32962363  87.50589826]
0.5192610956942949
91
[  8.76114752  56.87787317 210.32962363  87.50589826]
0.5192610956942949
92
[  8.76114752  56.87787317 210.32962363  87.50589826]
0.5192610956942949
93
[  8.76114752  56.87787317 210.32962363  87.50589826]
0.5192610956942949
94
[ -1.10204632  50.2616435  161.72183572  81.4645521 ]
0.5270511458424066
95
[ -1.10204632  50.2616435  161.72183572  81.4645521 ]
0.5270511458424066
96
[ -1.10204632  50.2616435  161.72183572  81.4645521 ]
0.5270511458424066
97
[ -1.10204632  50.2616435  161.72183572  81.4645521 ]
0.5270511458424066
98
[ -1.10204632  50.2616435  161.72183572  81.4645521 ]
0.5270511458424066
99
[ -1.10204632  50.2616435  161.72183572  81.4645521 ]
0.5270511458424066
100
[ -1.10204632  50.2616435  161.72183572  81.4645521 ]
0.5270511458424066
101
[ -1.10204632  50.2616435  161.72183572  81.4645521 ]
0.5270511458424066
102
[ -1.10204632  50.2616435  161.72183572  81.4645521 ]
0.5270511458424066
103
[ -1.10204632  50.2616435  161.72183572  81.4645521 ]
0.5270511458424066
104
[ -1.10204632  50.2616435  161.72183572  81.4645521 ]
0.5270511458424066
105
[ -1.10204632  50.2616435  161.72183572  81.4645521 ]
0.5270511458424066
106
[ -1.10204632  50.2616435  161.72183572  81.4645521 ]
0.5270511458424066
107
[ -1.10204632  50.2616435  161.72183572  81.4645521 ]
0.5270511458424066
108
[ -1.10204632  50.2616435  161.72183572  81.4645521 ]
0.5270511458424066
109
[ -1.10204632  50.2616435  161.72183572  81.4645521 ]
0.5270511458424066
110
[ -1.10204632  50.2616435  161.72183572  81.4645521 ]
0.5270511458424066
111
[ -1.10204632  50.2616435  161.72183572  81.4645521 ]
0.5270511458424066
112
[ -1.10204632  50.2616435  161.72183572  81.4645521 ]
0.5270511458424066
113
[ -1.10204632  50.2616435  161.72183572  81.4645521 ]
0.5270511458424066
114
[ -1.10204632  50.2616435  161.72183572  81.4645521 ]
0.5270511458424066
115
[ -1.10204632  50.2616435  161.72183572  81.4645521 ]
0.5270511458424066
116
[ -1.10204632  50.2616435  161.72183572  81.4645521 ]
0.5270511458424066
117
[ -1.10204632  50.2616435  161.72183572  81.4645521 ]
0.5270511458424066
118
[ -1.10204632  50.2616435  161.72183572  81.4645521 ]
0.5270511458424066
119
[ -1.10204632  50.2616435  161.72183572  81.4645521 ]
0.5270511458424066
120
[ -1.10204632  50.2616435  161.72183572  81.4645521 ]
0.5270511458424066
121
[ -1.10204632  50.2616435  161.72183572  81.4645521 ]
0.5270511458424066
122
[ -1.10204632  50.2616435  161.72183572  81.4645521 ]
0.5270511458424066
123
[ -1.10204632  50.2616435  161.72183572  81.4645521 ]
0.5270511458424066
124
[-12.04935054  51.87866491 182.823892    81.80708907]
0.5321828888994842
125
[-12.04935054  51.87866491 182.823892    81.80708907]
0.5321828888994842
126
[-12.04935054  51.87866491 182.823892    81.80708907]
0.5321828888994842
127
[-12.04935054  51.87866491 182.823892    81.80708907]
0.5321828888994842
128
[-12.04935054  51.87866491 182.823892    81.80708907]
0.5321828888994842
129
[-12.04935054  51.87866491 182.823892    81.80708907]
0.5321828888994842
130
[-12.04935054  51.87866491 182.823892    81.80708907]
0.5321828888994842
131
[-12.04935054  51.87866491 182.823892    81.80708907]
0.5321828888994842
132
[-12.04935054  51.87866491 182.823892    81.80708907]
0.5321828888994842
133
[-12.04935054  51.87866491 182.823892    81.80708907]
0.5321828888994842
134
[-12.04935054  51.87866491 182.823892    81.80708907]
0.5321828888994842
135
[-12.04935054  51.87866491 182.823892    81.80708907]
0.5321828888994842
136
[ -4.27505757  49.21332709 186.63305451  81.46991282]
0.5368527470321147
137
[ -4.27505757  49.21332709 186.63305451  81.46991282]
0.5368527470321147
138
[ -4.66664474  49.85811855 168.61285334  81.47101474]
0.5434125632924167
139
[ -4.66664474  49.85811855 168.61285334  81.47101474]
0.5434125632924167
140
[ -4.66664474  49.85811855 168.61285334  81.47101474]
0.5434125632924167
141
[ -4.66664474  49.85811855 168.61285334  81.47101474]
0.5434125632924167
142
[ -4.66664474  49.85811855 168.61285334  81.47101474]
0.5434125632924167
143
[  8.84262455  51.51617217 135.07454857  80.3945731 ]
0.5452009571875405
144
[  8.84262455  51.51617217 135.07454857  80.3945731 ]
0.5452009571875405
145
[  8.84262455  51.51617217 135.07454857  80.3945731 ]
0.5452009571875405
146
[  8.84262455  51.51617217 135.07454857  80.3945731 ]
0.5452009571875405
147
[  8.84262455  51.51617217 135.07454857  80.3945731 ]
0.5452009571875405
148
[  8.84262455  51.51617217 135.07454857  80.3945731 ]
0.5452009571875405
149
[  8.84262455  51.51617217 135.07454857  80.3945731 ]
0.5452009571875405
150
[  8.84262455  51.51617217 135.07454857  80.3945731 ]
0.5452009571875405
151
[  8.84262455  51.51617217 135.07454857  80.3945731 ]
0.5452009571875405
152
[  8.84262455  51.51617217 135.07454857  80.3945731 ]
0.5452009571875405
153
[  8.84262455  51.51617217 135.07454857  80.3945731 ]
0.5452009571875405
154
[  8.84262455  51.51617217 135.07454857  80.3945731 ]
0.5452009571875405
155
[  8.84262455  51.51617217 135.07454857  80.3945731 ]
0.5452009571875405
156
[  8.84262455  51.51617217 135.07454857  80.3945731 ]
0.5452009571875405
157
[  8.84262455  51.51617217 135.07454857  80.3945731 ]
0.5452009571875405
158
[  8.84262455  51.51617217 135.07454857  80.3945731 ]
0.5452009571875405
159
[  8.84262455  51.51617217 135.07454857  80.3945731 ]
0.5452009571875405
160
[  8.84262455  51.51617217 135.07454857  80.3945731 ]
0.5452009571875405
161
[  8.84262455  51.51617217 135.07454857  80.3945731 ]
0.5452009571875405
162
[  8.84262455  51.51617217 135.07454857  80.3945731 ]
0.5452009571875405
163
[  8.84262455  51.51617217 135.07454857  80.3945731 ]
0.5452009571875405
164
[  8.84262455  51.51617217 135.07454857  80.3945731 ]
0.5452009571875405
165
[  8.84262455  51.51617217 135.07454857  80.3945731 ]
0.5452009571875405
166
[  8.84262455  51.51617217 135.07454857  80.3945731 ]
0.5452009571875405
167
[  8.84262455  51.51617217 135.07454857  80.3945731 ]
0.5452009571875405
168
[  8.84262455  51.51617217 135.07454857  80.3945731 ]
0.5452009571875405
169
[  8.84262455  51.51617217 135.07454857  80.3945731 ]
0.5452009571875405
170
[  8.84262455  51.51617217 135.07454857  80.3945731 ]
0.5452009571875405
171
[  8.84262455  51.51617217 135.07454857  80.3945731 ]
0.5452009571875405
172
[  8.84262455  51.51617217 135.07454857  80.3945731 ]
0.5452009571875405
173
[  8.84262455  51.51617217 135.07454857  80.3945731 ]
0.5452009571875405
174
[  8.84262455  51.51617217 135.07454857  80.3945731 ]
0.5452009571875405
175
[  8.84262455  51.51617217 135.07454857  80.3945731 ]
0.5452009571875405
176
[  8.84262455  51.51617217 135.07454857  80.3945731 ]
0.5452009571875405
177
[  8.84262455  51.51617217 135.07454857  80.3945731 ]
0.5452009571875405
178
[  0.85324763  52.17478458 178.54628592  81.601569  ]
0.5501796971533859
179
[  0.85324763  52.17478458 178.54628592  81.601569  ]
0.5501796971533859
180
[  0.85324763  52.17478458 178.54628592  81.601569  ]
0.5501796971533859
181
[ -3.77680888  49.08463982 172.46739909  81.56648483]
0.5597176499311362
182
[ -3.77680888  49.08463982 172.46739909  81.56648483]
0.5597176499311362
183
[ -3.77680888  49.08463982 172.46739909  81.56648483]
0.5597176499311362
184
[ -3.77680888  49.08463982 172.46739909  81.56648483]
0.5597176499311362
185
[ -3.77680888  49.08463982 172.46739909  81.56648483]
0.5597176499311362
186
[ -3.77680888  49.08463982 172.46739909  81.56648483]
0.5597176499311362
187
[ -3.77680888  49.08463982 172.46739909  81.56648483]
0.5597176499311362
188
[ -3.77680888  49.08463982 172.46739909  81.56648483]
0.5597176499311362
189
[ -3.77680888  49.08463982 172.46739909  81.56648483]
0.5597176499311362
190
[ -3.77680888  49.08463982 172.46739909  81.56648483]
0.5597176499311362
191
[ -3.77680888  49.08463982 172.46739909  81.56648483]
0.5597176499311362
192
[ -3.77680888  49.08463982 172.46739909  81.56648483]
0.5597176499311362
193
[ -3.77680888  49.08463982 172.46739909  81.56648483]
0.5597176499311362
194
[ -3.77680888  49.08463982 172.46739909  81.56648483]
0.5597176499311362
195
[ -3.77680888  49.08463982 172.46739909  81.56648483]
0.5597176499311362
196
[ -3.77680888  49.08463982 172.46739909  81.56648483]
0.5597176499311362
197
[ -3.77680888  49.08463982 172.46739909  81.56648483]
0.5597176499311362
198
[ -3.77680888  49.08463982 172.46739909  81.56648483]
0.5597176499311362
199
[ -3.77680888  49.08463982 172.46739909  81.56648483]
0.5597176499311362
200
[ -3.77680888  49.08463982 172.46739909  81.56648483]
0.5597176499311362
201
[ -3.77680888  49.08463982 172.46739909  81.56648483]
0.5597176499311362
202
[ -3.77680888  49.08463982 172.46739909  81.56648483]
0.5597176499311362
203
[ -3.77680888  49.08463982 172.46739909  81.56648483]
0.5597176499311362
204
[ -3.77680888  49.08463982 172.46739909  81.56648483]
0.5597176499311362
205
[ -3.77680888  49.08463982 172.46739909  81.56648483]
0.5597176499311362
206
[ -3.77680888  49.08463982 172.46739909  81.56648483]
0.5597176499311362
207
[ -3.77680888  49.08463982 172.46739909  81.56648483]
0.5597176499311362
208
[ -3.77680888  49.08463982 172.46739909  81.56648483]
0.5597176499311362
209
[ -3.77680888  49.08463982 172.46739909  81.56648483]
0.5597176499311362
210
[ -3.77680888  49.08463982 172.46739909  81.56648483]
0.5597176499311362
211
[ -3.77680888  49.08463982 172.46739909  81.56648483]
0.5597176499311362
212
[-18.51871211  52.09856296 161.56379925  81.68728292]
0.5923807462403493
213
[-18.51871211  52.09856296 161.56379925  81.68728292]
0.5923807462403493
214
[-18.51871211  52.09856296 161.56379925  81.68728292]
0.5923807462403493
215
[-18.51871211  52.09856296 161.56379925  81.68728292]
0.5923807462403493
216
[-18.51871211  52.09856296 161.56379925  81.68728292]
0.5923807462403493
217
[-18.51871211  52.09856296 161.56379925  81.68728292]
0.5923807462403493
218
[-18.51871211  52.09856296 161.56379925  81.68728292]
0.5923807462403493
219
[-18.51871211  52.09856296 161.56379925  81.68728292]
0.5923807462403493
220
[-18.51871211  52.09856296 161.56379925  81.68728292]
0.5923807462403493
221
[-18.51871211  52.09856296 161.56379925  81.68728292]
0.5923807462403493
222
[-18.51871211  52.09856296 161.56379925  81.68728292]
0.5923807462403493
223
[-18.51871211  52.09856296 161.56379925  81.68728292]
0.5923807462403493
224
[-18.51871211  52.09856296 161.56379925  81.68728292]
0.5923807462403493
225
[-18.51871211  52.09856296 161.56379925  81.68728292]
0.5923807462403493
226
[-18.51871211  52.09856296 161.56379925  81.68728292]
0.5923807462403493
227
[-18.51871211  52.09856296 161.56379925  81.68728292]
0.5923807462403493
228
[-18.51871211  52.09856296 161.56379925  81.68728292]
0.5923807462403493
229
[-18.51871211  52.09856296 161.56379925  81.68728292]
0.5923807462403493
230
[-18.51871211  52.09856296 161.56379925  81.68728292]
0.5923807462403493
231
[-18.51871211  52.09856296 161.56379925  81.68728292]
0.5923807462403493
232
[-18.51871211  52.09856296 161.56379925  81.68728292]
0.5923807462403493
233
[-18.51871211  52.09856296 161.56379925  81.68728292]
0.5923807462403493
234
[-18.51871211  52.09856296 161.56379925  81.68728292]
0.5923807462403493
235
[-18.51871211  52.09856296 161.56379925  81.68728292]
0.5923807462403493
236
[-18.51871211  52.09856296 161.56379925  81.68728292]
0.5923807462403493
237
[-18.51871211  52.09856296 161.56379925  81.68728292]
0.5923807462403493
238
[-18.51871211  52.09856296 161.56379925  81.68728292]
0.5923807462403493
239
[-18.51871211  52.09856296 161.56379925  81.68728292]
0.5923807462403493
240
[-18.51871211  52.09856296 161.56379925  81.68728292]
0.5923807462403493
241
[-18.51871211  52.09856296 161.56379925  81.68728292]
0.5923807462403493
242
[-18.51871211  52.09856296 161.56379925  81.68728292]
0.5923807462403493
243
[-18.51871211  52.09856296 161.56379925  81.68728292]
0.5923807462403493
244
[-18.51871211  52.09856296 161.56379925  81.68728292]
0.5923807462403493
245
[-18.51871211  52.09856296 161.56379925  81.68728292]
0.5923807462403493
246
[-18.51871211  52.09856296 161.56379925  81.68728292]
0.5923807462403493
247
[-18.51871211  52.09856296 161.56379925  81.68728292]
0.5923807462403493
248
[-18.51871211  52.09856296 161.56379925  81.68728292]
0.5923807462403493
249
[-18.51871211  52.09856296 161.56379925  81.68728292]
0.5923807462403493
250
[-18.51871211  52.09856296 161.56379925  81.68728292]
0.5923807462403493
251
[-18.51871211  52.09856296 161.56379925  81.68728292]
0.5923807462403493
252
[-18.51871211  52.09856296 161.56379925  81.68728292]
0.5923807462403493
253
[-18.51871211  52.09856296 161.56379925  81.68728292]
0.5923807462403493
254
[-18.51871211  52.09856296 161.56379925  81.68728292]
0.5923807462403493
255
[-18.51871211  52.09856296 161.56379925  81.68728292]
0.5923807462403493
256
[-18.51871211  52.09856296 161.56379925  81.68728292]
0.5923807462403493
257
[-18.51871211  52.09856296 161.56379925  81.68728292]
0.5923807462403493
258
[-18.51871211  52.09856296 161.56379925  81.68728292]
0.5923807462403493
259
[-18.51871211  52.09856296 161.56379925  81.68728292]
0.5923807462403493
260
[-18.51871211  52.09856296 161.56379925  81.68728292]
0.5923807462403493
261
[-18.51871211  52.09856296 161.56379925  81.68728292]
0.5923807462403493
262
[-18.51871211  52.09856296 161.56379925  81.68728292]
0.5923807462403493
263
[-18.51871211  52.09856296 161.56379925  81.68728292]
0.5923807462403493
264
[-18.51871211  52.09856296 161.56379925  81.68728292]
0.5923807462403493
265
[-18.51871211  52.09856296 161.56379925  81.68728292]
0.5923807462403493
266
[-18.51871211  52.09856296 161.56379925  81.68728292]
0.5923807462403493
267
[-18.51871211  52.09856296 161.56379925  81.68728292]
0.5923807462403493
268
[-18.51871211  52.09856296 161.56379925  81.68728292]
0.5923807462403493
269
[-18.51871211  52.09856296 161.56379925  81.68728292]
0.5923807462403493
270
[-18.51871211  52.09856296 161.56379925  81.68728292]
0.5923807462403493
271
[-18.51871211  52.09856296 161.56379925  81.68728292]
0.5923807462403493
272
[-18.51871211  52.09856296 161.56379925  81.68728292]
0.5923807462403493
273
[-18.51871211  52.09856296 161.56379925  81.68728292]
0.5923807462403493
274
[-18.51871211  52.09856296 161.56379925  81.68728292]
0.5923807462403493
275
[-18.51871211  52.09856296 161.56379925  81.68728292]
0.5923807462403493
276
[-18.51871211  52.09856296 161.56379925  81.68728292]
0.5923807462403493
277
[-18.51871211  52.09856296 161.56379925  81.68728292]
0.5923807462403493
278
[-2.33103886 49.38123764 88.16581531 78.43016794]
0.604413864463779
279
[-2.33103886 49.38123764 88.16581531 78.43016794]
0.604413864463779
280
[-2.33103886 49.38123764 88.16581531 78.43016794]
0.604413864463779
281
[-2.33103886 49.38123764 88.16581531 78.43016794]
0.604413864463779
282
[-2.33103886 49.38123764 88.16581531 78.43016794]
0.604413864463779
283
[-2.33103886 49.38123764 88.16581531 78.43016794]
0.604413864463779
284
[-2.33103886 49.38123764 88.16581531 78.43016794]
0.604413864463779
285
[-2.33103886 49.38123764 88.16581531 78.43016794]
0.604413864463779
286
[-2.33103886 49.38123764 88.16581531 78.43016794]
0.604413864463779
287
[-2.33103886 49.38123764 88.16581531 78.43016794]
0.604413864463779
288
[-2.33103886 49.38123764 88.16581531 78.43016794]
0.604413864463779
289
[-2.33103886 49.38123764 88.16581531 78.43016794]
0.604413864463779
290
[-2.33103886 49.38123764 88.16581531 78.43016794]
0.604413864463779
291
[-2.33103886 49.38123764 88.16581531 78.43016794]
0.604413864463779
292
[-2.33103886 49.38123764 88.16581531 78.43016794]
0.604413864463779
293
[-2.33103886 49.38123764 88.16581531 78.43016794]
0.604413864463779
294
[-2.33103886 49.38123764 88.16581531 78.43016794]
0.604413864463779
295
[-2.33103886 49.38123764 88.16581531 78.43016794]
0.604413864463779
296
[-2.33103886 49.38123764 88.16581531 78.43016794]
0.604413864463779
297
[-2.33103886 49.38123764 88.16581531 78.43016794]
0.604413864463779
298
[-2.33103886 49.38123764 88.16581531 78.43016794]
0.604413864463779
299
[-2.33103886 49.38123764 88.16581531 78.43016794]
0.604413864463779
300
[-2.33103886 49.38123764 88.16581531 78.43016794]
0.604413864463779
301
[-2.33103886 49.38123764 88.16581531 78.43016794]
0.604413864463779
302
[-2.33103886 49.38123764 88.16581531 78.43016794]
0.604413864463779
303
[-2.33103886 49.38123764 88.16581531 78.43016794]
0.604413864463779
304
[-2.33103886 49.38123764 88.16581531 78.43016794]
0.604413864463779
305
[-2.33103886 49.38123764 88.16581531 78.43016794]
0.604413864463779
306
[-2.33103886 49.38123764 88.16581531 78.43016794]
0.604413864463779
307
[-2.33103886 49.38123764 88.16581531 78.43016794]
0.604413864463779
308
[-2.33103886 49.38123764 88.16581531 78.43016794]
0.604413864463779
309
[-2.33103886 49.38123764 88.16581531 78.43016794]
0.604413864463779
310
[-2.33103886 49.38123764 88.16581531 78.43016794]
0.604413864463779
311
[-2.33103886 49.38123764 88.16581531 78.43016794]
0.604413864463779
312
[-2.33103886 49.38123764 88.16581531 78.43016794]
0.604413864463779
313
[-2.33103886 49.38123764 88.16581531 78.43016794]
0.604413864463779
314
[-2.33103886 49.38123764 88.16581531 78.43016794]
0.604413864463779
315
[-2.33103886 49.38123764 88.16581531 78.43016794]
0.604413864463779
316
[-2.33103886 49.38123764 88.16581531 78.43016794]
0.604413864463779
317
[-2.33103886 49.38123764 88.16581531 78.43016794]
0.604413864463779
318
[-2.33103886 49.38123764 88.16581531 78.43016794]
0.604413864463779
319
[-2.33103886 49.38123764 88.16581531 78.43016794]
0.604413864463779
320
[-2.33103886 49.38123764 88.16581531 78.43016794]
0.604413864463779
321
[-2.33103886 49.38123764 88.16581531 78.43016794]
0.604413864463779
322
[-2.33103886 49.38123764 88.16581531 78.43016794]
0.604413864463779
323
[-2.33103886 49.38123764 88.16581531 78.43016794]
0.604413864463779
324
[-2.33103886 49.38123764 88.16581531 78.43016794]
0.604413864463779
325
[-2.33103886 49.38123764 88.16581531 78.43016794]
0.604413864463779
326
[-2.33103886 49.38123764 88.16581531 78.43016794]
0.604413864463779
327
[-2.33103886 49.38123764 88.16581531 78.43016794]
0.604413864463779
328
[-2.33103886 49.38123764 88.16581531 78.43016794]
0.604413864463779
329
[-3.78392488 48.45155565 83.10253281 80.25011262]
0.6072884662130826
330
[-3.78392488 48.45155565 83.10253281 80.25011262]
0.6072884662130826
331
[-3.78392488 48.45155565 83.10253281 80.25011262]
0.6072884662130826
332
[-3.78392488 48.45155565 83.10253281 80.25011262]
0.6072884662130826
333
[-3.78392488 48.45155565 83.10253281 80.25011262]
0.6072884662130826
334
[-3.78392488 48.45155565 83.10253281 80.25011262]
0.6072884662130826
335
[-3.78392488 48.45155565 83.10253281 80.25011262]
0.6072884662130826
336
[-3.78392488 48.45155565 83.10253281 80.25011262]
0.6072884662130826
337
[-3.78392488 48.45155565 83.10253281 80.25011262]
0.6072884662130826
338
[-3.78392488 48.45155565 83.10253281 80.25011262]
0.6072884662130826
339
[-3.78392488 48.45155565 83.10253281 80.25011262]
0.6072884662130826
340
[-3.78392488 48.45155565 83.10253281 80.25011262]
0.6072884662130826
341
[-3.78392488 48.45155565 83.10253281 80.25011262]
0.6072884662130826
342
[-3.78392488 48.45155565 83.10253281 80.25011262]
0.6072884662130826
343
[-3.78392488 48.45155565 83.10253281 80.25011262]
0.6072884662130826
344
[-3.78392488 48.45155565 83.10253281 80.25011262]
0.6072884662130826
345
[-3.78392488 48.45155565 83.10253281 80.25011262]
0.6072884662130826
346
[-3.78392488 48.45155565 83.10253281 80.25011262]
0.6072884662130826
347
[-3.78392488 48.45155565 83.10253281 80.25011262]
0.6072884662130826
348
[-3.78392488 48.45155565 83.10253281 80.25011262]
0.6072884662130826
349
[-3.78392488 48.45155565 83.10253281 80.25011262]
0.6072884662130826
350
[-3.78392488 48.45155565 83.10253281 80.25011262]
0.6072884662130826
351
[-3.78392488 48.45155565 83.10253281 80.25011262]
0.6072884662130826
352
[-3.78392488 48.45155565 83.10253281 80.25011262]
0.6072884662130826
353
[-3.78392488 48.45155565 83.10253281 80.25011262]
0.6072884662130826
354
[-3.78392488 48.45155565 83.10253281 80.25011262]
0.6072884662130826
355
[-3.78392488 48.45155565 83.10253281 80.25011262]
0.6072884662130826
356
[-3.78392488 48.45155565 83.10253281 80.25011262]
0.6072884662130826
357
[-3.78392488 48.45155565 83.10253281 80.25011262]
0.6072884662130826
358
[-3.78392488 48.45155565 83.10253281 80.25011262]
0.6072884662130826
359
[-3.49806353 47.79501471 81.60569048 82.16859371]
0.6750090947966532
360
[-3.49806353 47.79501471 81.60569048 82.16859371]
0.6750090947966532
361
[-3.49806353 47.79501471 81.60569048 82.16859371]
0.6750090947966532
362
[-3.49806353 47.79501471 81.60569048 82.16859371]
0.6750090947966532
363
[-7.06320031 51.08047982 59.68066263 79.55141507]
0.8029260962436103
364
[-7.06320031 51.08047982 59.68066263 79.55141507]
0.8029260962436103
365
[-7.06320031 51.08047982 59.68066263 79.55141507]
0.8029260962436103
366
[-7.06320031 51.08047982 59.68066263 79.55141507]
0.8029260962436103
367
[-7.06320031 51.08047982 59.68066263 79.55141507]
0.8029260962436103
368
[-7.06320031 51.08047982 59.68066263 79.55141507]
0.8029260962436103
369
[-7.06320031 51.08047982 59.68066263 79.55141507]
0.8029260962436103
370
[-7.06320031 51.08047982 59.68066263 79.55141507]
0.8029260962436103
371
[-7.06320031 51.08047982 59.68066263 79.55141507]
0.8029260962436103
372
[-7.06320031 51.08047982 59.68066263 79.55141507]
0.8029260962436103
373
[-7.06320031 51.08047982 59.68066263 79.55141507]
0.8029260962436103
374
[-7.06320031 51.08047982 59.68066263 79.55141507]
0.8029260962436103
375
[-7.06320031 51.08047982 59.68066263 79.55141507]
0.8029260962436103
376
[-7.06320031 51.08047982 59.68066263 79.55141507]
0.8029260962436103
377
[-7.06320031 51.08047982 59.68066263 79.55141507]
0.8029260962436103
378
[-7.06320031 51.08047982 59.68066263 79.55141507]
0.8029260962436103
379
[-7.06320031 51.08047982 59.68066263 79.55141507]
0.8029260962436103
380
[-7.06320031 51.08047982 59.68066263 79.55141507]
0.8029260962436103
381
[-7.06320031 51.08047982 59.68066263 79.55141507]
0.8029260962436103
382
[-7.06320031 51.08047982 59.68066263 79.55141507]
0.8029260962436103
383
[-7.06320031 51.08047982 59.68066263 79.55141507]
0.8029260962436103
384
[-7.06320031 51.08047982 59.68066263 79.55141507]
0.8029260962436103
385
[-7.06320031 51.08047982 59.68066263 79.55141507]
0.8029260962436103
386
[-7.06320031 51.08047982 59.68066263 79.55141507]
0.8029260962436103
387
[-7.06320031 51.08047982 59.68066263 79.55141507]
0.8029260962436103
388
[-7.06320031 51.08047982 59.68066263 79.55141507]
0.8029260962436103
389
[-7.06320031 51.08047982 59.68066263 79.55141507]
0.8029260962436103
390
[-7.06320031 51.08047982 59.68066263 79.55141507]
0.8029260962436103
391
[-7.06320031 51.08047982 59.68066263 79.55141507]
0.8029260962436103
392
[-7.06320031 51.08047982 59.68066263 79.55141507]
0.8029260962436103
393
[-7.06320031 51.08047982 59.68066263 79.55141507]
0.8029260962436103
394
[-7.06320031 51.08047982 59.68066263 79.55141507]
0.8029260962436103
395
[-7.06320031 51.08047982 59.68066263 79.55141507]
0.8029260962436103
396
[-7.06320031 51.08047982 59.68066263 79.55141507]
0.8029260962436103
397
[-7.06320031 51.08047982 59.68066263 79.55141507]
0.8029260962436103
398
[-7.06320031 51.08047982 59.68066263 79.55141507]
0.8029260962436103
399
[-7.06320031 51.08047982 59.68066263 79.55141507]
0.8029260962436103
400
[-7.06320031 51.08047982 59.68066263 79.55141507]
0.8029260962436103
401
[-7.06320031 51.08047982 59.68066263 79.55141507]
0.8029260962436103
402
[-7.06320031 51.08047982 59.68066263 79.55141507]
0.8029260962436103
403
[-7.06320031 51.08047982 59.68066263 79.55141507]
0.8029260962436103
404
[-7.06320031 51.08047982 59.68066263 79.55141507]
0.8029260962436103
405
[-7.06320031 51.08047982 59.68066263 79.55141507]
0.8029260962436103
406
[-7.06320031 51.08047982 59.68066263 79.55141507]
0.8029260962436103
407
[-7.06320031 51.08047982 59.68066263 79.55141507]
0.8029260962436103
408
[-7.06320031 51.08047982 59.68066263 79.55141507]
0.8029260962436103
409
[-7.06320031 51.08047982 59.68066263 79.55141507]
0.8029260962436103
410
[-7.06320031 51.08047982 59.68066263 79.55141507]
0.8029260962436103
411
[-7.06320031 51.08047982 59.68066263 79.55141507]
0.8029260962436103
412
[-7.06320031 51.08047982 59.68066263 79.55141507]
0.8029260962436103
413
[-7.06320031 51.08047982 59.68066263 79.55141507]
0.8029260962436103
414
[-7.06320031 51.08047982 59.68066263 79.55141507]
0.8029260962436103
415
[-7.06320031 51.08047982 59.68066263 79.55141507]
0.8029260962436103
416
[-7.06320031 51.08047982 59.68066263 79.55141507]
0.8029260962436103
417
[-7.06320031 51.08047982 59.68066263 79.55141507]
0.8029260962436103
418
[-7.06320031 51.08047982 59.68066263 79.55141507]
0.8029260962436103
419
[-7.06320031 51.08047982 59.68066263 79.55141507]
0.8029260962436103
420
[-7.06320031 51.08047982 59.68066263 79.55141507]
0.8029260962436103
421
[-7.06320031 51.08047982 59.68066263 79.55141507]
0.8029260962436103
422
[-7.06320031 51.08047982 59.68066263 79.55141507]
0.8029260962436103
423
[-7.06320031 51.08047982 59.68066263 79.55141507]
0.8029260962436103
424
[-7.06320031 51.08047982 59.68066263 79.55141507]
0.8029260962436103
425
[-7.06320031 51.08047982 59.68066263 79.55141507]
0.8029260962436103
426
[-7.06320031 51.08047982 59.68066263 79.55141507]
0.8029260962436103
427
[-7.06320031 51.08047982 59.68066263 79.55141507]
0.8029260962436103
428
[-7.06320031 51.08047982 59.68066263 79.55141507]
0.8029260962436103
429
[-7.06320031 51.08047982 59.68066263 79.55141507]
0.8029260962436103
430
[-7.06320031 51.08047982 59.68066263 79.55141507]
0.8029260962436103
431
[-7.06320031 51.08047982 59.68066263 79.55141507]
0.8029260962436103
432
[-7.06320031 51.08047982 59.68066263 79.55141507]
0.8029260962436103
433
[-7.06320031 51.08047982 59.68066263 79.55141507]
0.8029260962436103
434
[-7.06320031 51.08047982 59.68066263 79.55141507]
0.8029260962436103
435
[-7.06320031 51.08047982 59.68066263 79.55141507]
0.8029260962436103
436
[-7.06320031 51.08047982 59.68066263 79.55141507]
0.8029260962436103
437
[-7.06320031 51.08047982 59.68066263 79.55141507]
0.8029260962436103
438
[-7.06320031 51.08047982 59.68066263 79.55141507]
0.8029260962436103
439
[-7.06320031 51.08047982 59.68066263 79.55141507]
0.8029260962436103
440
[-7.06320031 51.08047982 59.68066263 79.55141507]
0.8029260962436103
441
[-7.06320031 51.08047982 59.68066263 79.55141507]
0.8029260962436103
442
[-7.06320031 51.08047982 59.68066263 79.55141507]
0.8029260962436103
443
[-7.06320031 51.08047982 59.68066263 79.55141507]
0.8029260962436103
444
[-7.06320031 51.08047982 59.68066263 79.55141507]
0.8029260962436103
445
[-7.06320031 51.08047982 59.68066263 79.55141507]
0.8029260962436103
446
[-7.06320031 51.08047982 59.68066263 79.55141507]
0.8029260962436103
447
[-7.06320031 51.08047982 59.68066263 79.55141507]
0.8029260962436103
448
[-7.06320031 51.08047982 59.68066263 79.55141507]
0.8029260962436103
449
[-7.06320031 51.08047982 59.68066263 79.55141507]
0.8029260962436103
450
[-7.06320031 51.08047982 59.68066263 79.55141507]
0.8029260962436103
451
[-7.06320031 51.08047982 59.68066263 79.55141507]
0.8029260962436103
452
[-7.06320031 51.08047982 59.68066263 79.55141507]
0.8029260962436103
453
[-7.06320031 51.08047982 59.68066263 79.55141507]
0.8029260962436103
454
[-7.06320031 51.08047982 59.68066263 79.55141507]
0.8029260962436103
455
[-7.06320031 51.08047982 59.68066263 79.55141507]
0.8029260962436103
456
[-7.06320031 51.08047982 59.68066263 79.55141507]
0.8029260962436103
457
[-7.06320031 51.08047982 59.68066263 79.55141507]
0.8029260962436103
458
[-7.06320031 51.08047982 59.68066263 79.55141507]
0.8029260962436103
459
[-7.06320031 51.08047982 59.68066263 79.55141507]
0.8029260962436103
460
[-7.06320031 51.08047982 59.68066263 79.55141507]
0.8029260962436103
461
[-7.06320031 51.08047982 59.68066263 79.55141507]
0.8029260962436103
462
[-7.06320031 51.08047982 59.68066263 79.55141507]
0.8029260962436103
463
[-7.06320031 51.08047982 59.68066263 79.55141507]
0.8029260962436103
464
[-7.06320031 51.08047982 59.68066263 79.55141507]
0.8029260962436103
465
[-7.06320031 51.08047982 59.68066263 79.55141507]
0.8029260962436103
466
[-7.06320031 51.08047982 59.68066263 79.55141507]
0.8029260962436103
467
[-7.06320031 51.08047982 59.68066263 79.55141507]
0.8029260962436103
468
[-7.06320031 51.08047982 59.68066263 79.55141507]
0.8029260962436103
469
[-7.06320031 51.08047982 59.68066263 79.55141507]
0.8029260962436103
470
[-7.06320031 51.08047982 59.68066263 79.55141507]
0.8029260962436103
471
[-7.06320031 51.08047982 59.68066263 79.55141507]
0.8029260962436103
472
[-7.06320031 51.08047982 59.68066263 79.55141507]
0.8029260962436103
473
[-7.06320031 51.08047982 59.68066263 79.55141507]
0.8029260962436103
474
[-7.06320031 51.08047982 59.68066263 79.55141507]
0.8029260962436103
475
[-7.06320031 51.08047982 59.68066263 79.55141507]
0.8029260962436103
476
[-7.06320031 51.08047982 59.68066263 79.55141507]
0.8029260962436103
477
[-7.06320031 51.08047982 59.68066263 79.55141507]
0.8029260962436103
478
[-7.06320031 51.08047982 59.68066263 79.55141507]
0.8029260962436103
479
[-7.06320031 51.08047982 59.68066263 79.55141507]
0.8029260962436103
480
[-7.06320031 51.08047982 59.68066263 79.55141507]
0.8029260962436103
481
[-7.06320031 51.08047982 59.68066263 79.55141507]
0.8029260962436103
482
[-7.06320031 51.08047982 59.68066263 79.55141507]
0.8029260962436103
483
[-7.06320031 51.08047982 59.68066263 79.55141507]
0.8029260962436103
484
[-7.06320031 51.08047982 59.68066263 79.55141507]
0.8029260962436103
485
[-7.06320031 51.08047982 59.68066263 79.55141507]
0.8029260962436103
486
[-7.06320031 51.08047982 59.68066263 79.55141507]
0.8029260962436103
487
[-7.06320031 51.08047982 59.68066263 79.55141507]
0.8029260962436103
488
[-7.06320031 51.08047982 59.68066263 79.55141507]
0.8029260962436103
489
[-7.06320031 51.08047982 59.68066263 79.55141507]
0.8029260962436103
490
[-7.06320031 51.08047982 59.68066263 79.55141507]
0.8029260962436103
491
[-7.06320031 51.08047982 59.68066263 79.55141507]
0.8029260962436103
492
[-7.06320031 51.08047982 59.68066263 79.55141507]
0.8029260962436103
493
[-7.06320031 51.08047982 59.68066263 79.55141507]
0.8029260962436103
494
[-7.06320031 51.08047982 59.68066263 79.55141507]
0.8029260962436103
495
[-7.06320031 51.08047982 59.68066263 79.55141507]
0.8029260962436103
496
[-7.06320031 51.08047982 59.68066263 79.55141507]
0.8029260962436103
497
[-7.06320031 51.08047982 59.68066263 79.55141507]
0.8029260962436103
498
[-7.06320031 51.08047982 59.68066263 79.55141507]
0.8029260962436103
499
[-7.06320031 51.08047982 59.68066263 79.55141507]
0.8029260962436103
