[0.04186283 0.03675927 0.0425588  0.04418231 0.03949549 0.03790039
 0.03918619 0.03865069 0.03694586 0.03811671]
0
[-26.5143925  108.08013902 191.58797694  90.25496473]
0.3787013283990188
1
[-26.5143925  108.08013902 191.58797694  90.25496473]
0.3787013283990188
2
[-26.5143925  108.08013902 191.58797694  90.25496473]
0.3787013283990188
3
[ -5.46288461  62.18813505 188.46185604  98.42118105]
0.4800365461280031
4
[ -5.46288461  62.18813505 188.46185604  98.42118105]
0.4800365461280031
5
[ -5.46288461  62.18813505 188.46185604  98.42118105]
0.4800365461280031
6
[ -5.46288461  62.18813505 188.46185604  98.42118105]
0.4800365461280031
7
[ -5.46288461  62.18813505 188.46185604  98.42118105]
0.4800365461280031
8
[ -5.46288461  62.18813505 188.46185604  98.42118105]
0.4800365461280031
9
[ -5.46288461  62.18813505 188.46185604  98.42118105]
0.4800365461280031
10
[ -5.46288461  62.18813505 188.46185604  98.42118105]
0.4800365461280031
11
[ -5.46288461  62.18813505 188.46185604  98.42118105]
0.4800365461280031
12
[ -5.46288461  62.18813505 188.46185604  98.42118105]
0.4800365461280031
13
[ -5.46288461  62.18813505 188.46185604  98.42118105]
0.4800365461280031
14
[ -5.46288461  62.18813505 188.46185604  98.42118105]
0.4800365461280031
15
[ -5.46288461  62.18813505 188.46185604  98.42118105]
0.4800365461280031
16
[ -5.46288461  62.18813505 188.46185604  98.42118105]
0.4800365461280031
17
[ -5.46288461  62.18813505 188.46185604  98.42118105]
0.4800365461280031
18
[ -5.46288461  62.18813505 188.46185604  98.42118105]
0.4800365461280031
19
[ -5.46288461  62.18813505 188.46185604  98.42118105]
0.4800365461280031
20
[ -5.46288461  62.18813505 188.46185604  98.42118105]
0.4800365461280031
21
[ -5.46288461  62.18813505 188.46185604  98.42118105]
0.4800365461280031
22
[ -5.46288461  62.18813505 188.46185604  98.42118105]
0.4800365461280031
23
[ -5.46288461  62.18813505 188.46185604  98.42118105]
0.4800365461280031
24
[ -5.46288461  62.18813505 188.46185604  98.42118105]
0.4800365461280031
25
[ -5.46288461  62.18813505 188.46185604  98.42118105]
0.4800365461280031
26
[ -5.46288461  62.18813505 188.46185604  98.42118105]
0.4800365461280031
27
[ -5.46288461  62.18813505 188.46185604  98.42118105]
0.4800365461280031
28
[ -5.46288461  62.18813505 188.46185604  98.42118105]
0.4800365461280031
29
[ -5.46288461  62.18813505 188.46185604  98.42118105]
0.4800365461280031
30
[ -5.46288461  62.18813505 188.46185604  98.42118105]
0.4800365461280031
31
[ -5.46288461  62.18813505 188.46185604  98.42118105]
0.4800365461280031
32
[ -5.46288461  62.18813505 188.46185604  98.42118105]
0.4800365461280031
33
[ -5.46288461  62.18813505 188.46185604  98.42118105]
0.4800365461280031
34
[ -5.46288461  62.18813505 188.46185604  98.42118105]
0.4800365461280031
35
[ -5.46288461  62.18813505 188.46185604  98.42118105]
0.4800365461280031
36
[ -5.46288461  62.18813505 188.46185604  98.42118105]
0.4800365461280031
37
[ -5.46288461  62.18813505 188.46185604  98.42118105]
0.4800365461280031
38
[ -5.46288461  62.18813505 188.46185604  98.42118105]
0.4800365461280031
39
[ -5.46288461  62.18813505 188.46185604  98.42118105]
0.4800365461280031
40
[ -5.46288461  62.18813505 188.46185604  98.42118105]
0.4800365461280031
41
[ -5.46288461  62.18813505 188.46185604  98.42118105]
0.4800365461280031
42
[ -5.46288461  62.18813505 188.46185604  98.42118105]
0.4800365461280031
43
[ -5.46288461  62.18813505 188.46185604  98.42118105]
0.4800365461280031
44
[ -5.46288461  62.18813505 188.46185604  98.42118105]
0.4800365461280031
45
[ -5.46288461  62.18813505 188.46185604  98.42118105]
0.4800365461280031
46
[ -5.46288461  62.18813505 188.46185604  98.42118105]
0.4800365461280031
47
[ -5.46288461  62.18813505 188.46185604  98.42118105]
0.4800365461280031
48
[ -5.46288461  62.18813505 188.46185604  98.42118105]
0.4800365461280031
49
[ -5.46288461  62.18813505 188.46185604  98.42118105]
0.4800365461280031
50
[ -5.46288461  62.18813505 188.46185604  98.42118105]
0.4800365461280031
51
[ -5.46288461  62.18813505 188.46185604  98.42118105]
0.4800365461280031
52
[ -5.46288461  62.18813505 188.46185604  98.42118105]
0.4800365461280031
53
[ -5.46288461  62.18813505 188.46185604  98.42118105]
0.4800365461280031
54
[ -5.46288461  62.18813505 188.46185604  98.42118105]
0.4800365461280031
55
[ -5.46288461  62.18813505 188.46185604  98.42118105]
0.4800365461280031
56
[ -5.46288461  62.18813505 188.46185604  98.42118105]
0.4800365461280031
57
[ -5.46288461  62.18813505 188.46185604  98.42118105]
0.4800365461280031
58
[ -5.46288461  62.18813505 188.46185604  98.42118105]
0.4800365461280031
59
[ -5.46288461  62.18813505 188.46185604  98.42118105]
0.4800365461280031
60
[ -5.46288461  62.18813505 188.46185604  98.42118105]
0.4800365461280031
61
[ -5.46288461  62.18813505 188.46185604  98.42118105]
0.4800365461280031
62
[ -5.46288461  62.18813505 188.46185604  98.42118105]
0.4800365461280031
63
[ -5.46288461  62.18813505 188.46185604  98.42118105]
0.4800365461280031
64
[ -5.46288461  62.18813505 188.46185604  98.42118105]
0.4800365461280031
65
[ -5.46288461  62.18813505 188.46185604  98.42118105]
0.4800365461280031
66
[ -5.46288461  62.18813505 188.46185604  98.42118105]
0.4800365461280031
67
[ -5.46288461  62.18813505 188.46185604  98.42118105]
0.4800365461280031
68
[ -5.46288461  62.18813505 188.46185604  98.42118105]
0.4800365461280031
69
[ -5.46288461  62.18813505 188.46185604  98.42118105]
0.4800365461280031
70
[ -5.46288461  62.18813505 188.46185604  98.42118105]
0.4800365461280031
71
[ -5.46288461  62.18813505 188.46185604  98.42118105]
0.4800365461280031
72
[ -5.46288461  62.18813505 188.46185604  98.42118105]
0.4800365461280031
73
[ -5.46288461  62.18813505 188.46185604  98.42118105]
0.4800365461280031
74
[ -5.46288461  62.18813505 188.46185604  98.42118105]
0.4800365461280031
75
[ -5.46288461  62.18813505 188.46185604  98.42118105]
0.4800365461280031
76
[ -5.46288461  62.18813505 188.46185604  98.42118105]
0.4800365461280031
77
[ -5.46288461  62.18813505 188.46185604  98.42118105]
0.4800365461280031
78
[ -5.46288461  62.18813505 188.46185604  98.42118105]
0.4800365461280031
79
[ -5.46288461  62.18813505 188.46185604  98.42118105]
0.4800365461280031
80
[ -5.46288461  62.18813505 188.46185604  98.42118105]
0.4800365461280031
81
[ -5.46288461  62.18813505 188.46185604  98.42118105]
0.4800365461280031
82
[ -5.46288461  62.18813505 188.46185604  98.42118105]
0.4800365461280031
83
[ -5.46288461  62.18813505 188.46185604  98.42118105]
0.4800365461280031
84
[ -5.46288461  62.18813505 188.46185604  98.42118105]
0.4800365461280031
85
[ -5.46288461  62.18813505 188.46185604  98.42118105]
0.4800365461280031
86
[ -5.46288461  62.18813505 188.46185604  98.42118105]
0.4800365461280031
87
[ -5.46288461  62.18813505 188.46185604  98.42118105]
0.4800365461280031
88
[ -5.46288461  62.18813505 188.46185604  98.42118105]
0.4800365461280031
89
[ -5.46288461  62.18813505 188.46185604  98.42118105]
0.4800365461280031
90
[ -5.46288461  62.18813505 188.46185604  98.42118105]
0.4800365461280031
91
[ -5.46288461  62.18813505 188.46185604  98.42118105]
0.4800365461280031
92
[ -5.46288461  62.18813505 188.46185604  98.42118105]
0.4800365461280031
93
[ -5.46288461  62.18813505 188.46185604  98.42118105]
0.4800365461280031
94
[ -5.46288461  62.18813505 188.46185604  98.42118105]
0.4800365461280031
95
[ -5.46288461  62.18813505 188.46185604  98.42118105]
0.4800365461280031
96
[ -5.46288461  62.18813505 188.46185604  98.42118105]
0.4800365461280031
97
[ -5.46288461  62.18813505 188.46185604  98.42118105]
0.4800365461280031
98
[ -5.46288461  62.18813505 188.46185604  98.42118105]
0.4800365461280031
99
[ -5.46288461  62.18813505 188.46185604  98.42118105]
0.4800365461280031
100
[ -5.46288461  62.18813505 188.46185604  98.42118105]
0.4800365461280031
101
[ -5.46288461  62.18813505 188.46185604  98.42118105]
0.4800365461280031
102
[ -5.46288461  62.18813505 188.46185604  98.42118105]
0.4800365461280031
103
[ -5.46288461  62.18813505 188.46185604  98.42118105]
0.4800365461280031
104
[ -5.46288461  62.18813505 188.46185604  98.42118105]
0.4800365461280031
105
[ -5.46288461  62.18813505 188.46185604  98.42118105]
0.4800365461280031
106
[ -5.46288461  62.18813505 188.46185604  98.42118105]
0.4800365461280031
107
[ -5.46288461  62.18813505 188.46185604  98.42118105]
0.4800365461280031
108
[ -5.46288461  62.18813505 188.46185604  98.42118105]
0.4800365461280031
109
[ -5.46288461  62.18813505 188.46185604  98.42118105]
0.4800365461280031
110
[ -5.46288461  62.18813505 188.46185604  98.42118105]
0.4800365461280031
111
[ -5.46288461  62.18813505 188.46185604  98.42118105]
0.4800365461280031
112
[ -5.46288461  62.18813505 188.46185604  98.42118105]
0.4800365461280031
113
[ -5.46288461  62.18813505 188.46185604  98.42118105]
0.4800365461280031
114
[ -5.46288461  62.18813505 188.46185604  98.42118105]
0.4800365461280031
115
[ -5.46288461  62.18813505 188.46185604  98.42118105]
0.4800365461280031
116
[ -5.46288461  62.18813505 188.46185604  98.42118105]
0.4800365461280031
117
[ -5.46288461  62.18813505 188.46185604  98.42118105]
0.4800365461280031
118
[ -5.46288461  62.18813505 188.46185604  98.42118105]
0.4800365461280031
119
[ -5.46288461  62.18813505 188.46185604  98.42118105]
0.4800365461280031
120
[ -5.46288461  62.18813505 188.46185604  98.42118105]
0.4800365461280031
121
[ -5.46288461  62.18813505 188.46185604  98.42118105]
0.4800365461280031
122
[ -5.46288461  62.18813505 188.46185604  98.42118105]
0.4800365461280031
123
[ -5.46288461  62.18813505 188.46185604  98.42118105]
0.4800365461280031
124
[ -5.46288461  62.18813505 188.46185604  98.42118105]
0.4800365461280031
125
[ -5.46288461  62.18813505 188.46185604  98.42118105]
0.4800365461280031
126
[ -5.46288461  62.18813505 188.46185604  98.42118105]
0.4800365461280031
127
[ -5.46288461  62.18813505 188.46185604  98.42118105]
0.4800365461280031
128
[ -5.46288461  62.18813505 188.46185604  98.42118105]
0.4800365461280031
129
[ -5.46288461  62.18813505 188.46185604  98.42118105]
0.4800365461280031
130
[ -5.46288461  62.18813505 188.46185604  98.42118105]
0.4800365461280031
131
[ -5.46288461  62.18813505 188.46185604  98.42118105]
0.4800365461280031
132
[ -5.46288461  62.18813505 188.46185604  98.42118105]
0.4800365461280031
133
[ -5.46288461  62.18813505 188.46185604  98.42118105]
0.4800365461280031
134
[ -5.46288461  62.18813505 188.46185604  98.42118105]
0.4800365461280031
135
[ -5.46288461  62.18813505 188.46185604  98.42118105]
0.4800365461280031
136
[ -5.46288461  62.18813505 188.46185604  98.42118105]
0.4800365461280031
137
[ -5.46288461  62.18813505 188.46185604  98.42118105]
0.4800365461280031
138
[ -5.46288461  62.18813505 188.46185604  98.42118105]
0.4800365461280031
139
[ -5.46288461  62.18813505 188.46185604  98.42118105]
0.4800365461280031
140
[ -5.46288461  62.18813505 188.46185604  98.42118105]
0.4800365461280031
141
[ -5.46288461  62.18813505 188.46185604  98.42118105]
0.4800365461280031
142
[ -5.46288461  62.18813505 188.46185604  98.42118105]
0.4800365461280031
143
[ -5.46288461  62.18813505 188.46185604  98.42118105]
0.4800365461280031
144
[ -5.46288461  62.18813505 188.46185604  98.42118105]
0.4800365461280031
145
[ -5.46288461  62.18813505 188.46185604  98.42118105]
0.4800365461280031
146
[ -5.46288461  62.18813505 188.46185604  98.42118105]
0.4800365461280031
147
[ -5.46288461  62.18813505 188.46185604  98.42118105]
0.4800365461280031
148
[ -5.46288461  62.18813505 188.46185604  98.42118105]
0.4800365461280031
149
[ -5.46288461  62.18813505 188.46185604  98.42118105]
0.4800365461280031
150
[ -5.46288461  62.18813505 188.46185604  98.42118105]
0.4800365461280031
151
[ -5.46288461  62.18813505 188.46185604  98.42118105]
0.4800365461280031
152
[ -5.46288461  62.18813505 188.46185604  98.42118105]
0.4800365461280031
153
[ -5.46288461  62.18813505 188.46185604  98.42118105]
0.4800365461280031
154
[ -5.46288461  62.18813505 188.46185604  98.42118105]
0.4800365461280031
155
[ -5.46288461  62.18813505 188.46185604  98.42118105]
0.4800365461280031
156
[ -5.46288461  62.18813505 188.46185604  98.42118105]
0.4800365461280031
157
[ -5.46288461  62.18813505 188.46185604  98.42118105]
0.4800365461280031
158
[ -5.46288461  62.18813505 188.46185604  98.42118105]
0.4800365461280031
159
[ -5.46288461  62.18813505 188.46185604  98.42118105]
0.4800365461280031
160
[ -5.46288461  62.18813505 188.46185604  98.42118105]
0.4800365461280031
161
[ -5.46288461  62.18813505 188.46185604  98.42118105]
0.4800365461280031
162
[ -5.46288461  62.18813505 188.46185604  98.42118105]
0.4800365461280031
163
[ -5.46288461  62.18813505 188.46185604  98.42118105]
0.4800365461280031
164
[ -5.46288461  62.18813505 188.46185604  98.42118105]
0.4800365461280031
165
[ -5.46288461  62.18813505 188.46185604  98.42118105]
0.4800365461280031
166
[ -5.46288461  62.18813505 188.46185604  98.42118105]
0.4800365461280031
167
[ -5.46288461  62.18813505 188.46185604  98.42118105]
0.4800365461280031
168
[ -5.46288461  62.18813505 188.46185604  98.42118105]
0.4800365461280031
169
[ -5.46288461  62.18813505 188.46185604  98.42118105]
0.4800365461280031
170
[ -5.46288461  62.18813505 188.46185604  98.42118105]
0.4800365461280031
171
[ -5.46288461  62.18813505 188.46185604  98.42118105]
0.4800365461280031
172
[ -5.46288461  62.18813505 188.46185604  98.42118105]
0.4800365461280031
173
[ -5.46288461  62.18813505 188.46185604  98.42118105]
0.4800365461280031
174
[ -5.46288461  62.18813505 188.46185604  98.42118105]
0.4800365461280031
175
[ -5.46288461  62.18813505 188.46185604  98.42118105]
0.4800365461280031
176
[ -5.46288461  62.18813505 188.46185604  98.42118105]
0.4800365461280031
177
[ -5.46288461  62.18813505 188.46185604  98.42118105]
0.4800365461280031
178
[ -5.46288461  62.18813505 188.46185604  98.42118105]
0.4800365461280031
179
[ -5.46288461  62.18813505 188.46185604  98.42118105]
0.4800365461280031
180
[ -5.46288461  62.18813505 188.46185604  98.42118105]
0.4800365461280031
181
[ -5.46288461  62.18813505 188.46185604  98.42118105]
0.4800365461280031
182
[ -5.46288461  62.18813505 188.46185604  98.42118105]
0.4800365461280031
183
[ -5.46288461  62.18813505 188.46185604  98.42118105]
0.4800365461280031
184
[ -5.46288461  62.18813505 188.46185604  98.42118105]
0.4800365461280031
185
[ -5.46288461  62.18813505 188.46185604  98.42118105]
0.4800365461280031
186
[ -5.46288461  62.18813505 188.46185604  98.42118105]
0.4800365461280031
187
[ -5.46288461  62.18813505 188.46185604  98.42118105]
0.4800365461280031
188
[ -5.46288461  62.18813505 188.46185604  98.42118105]
0.4800365461280031
189
[ -5.46288461  62.18813505 188.46185604  98.42118105]
0.4800365461280031
190
[ -5.46288461  62.18813505 188.46185604  98.42118105]
0.4800365461280031
191
[ -5.46288461  62.18813505 188.46185604  98.42118105]
0.4800365461280031
192
[ -5.46288461  62.18813505 188.46185604  98.42118105]
0.4800365461280031
193
[ -5.46288461  62.18813505 188.46185604  98.42118105]
0.4800365461280031
194
[ -5.46288461  62.18813505 188.46185604  98.42118105]
0.4800365461280031
195
[ -5.46288461  62.18813505 188.46185604  98.42118105]
0.4800365461280031
196
[ -5.46288461  62.18813505 188.46185604  98.42118105]
0.4800365461280031
197
[ -5.46288461  62.18813505 188.46185604  98.42118105]
0.4800365461280031
198
[ -5.46288461  62.18813505 188.46185604  98.42118105]
0.4800365461280031
199
[ -5.46288461  62.18813505 188.46185604  98.42118105]
0.4800365461280031
200
[ -5.46288461  62.18813505 188.46185604  98.42118105]
0.4800365461280031
201
[ -5.46288461  62.18813505 188.46185604  98.42118105]
0.4800365461280031
202
[ -5.46288461  62.18813505 188.46185604  98.42118105]
0.4800365461280031
203
[ -5.46288461  62.18813505 188.46185604  98.42118105]
0.4800365461280031
204
[ -5.46288461  62.18813505 188.46185604  98.42118105]
0.4800365461280031
205
[ -5.46288461  62.18813505 188.46185604  98.42118105]
0.4800365461280031
206
[ -5.46288461  62.18813505 188.46185604  98.42118105]
0.4800365461280031
207
[ -5.46288461  62.18813505 188.46185604  98.42118105]
0.4800365461280031
208
[ -5.46288461  62.18813505 188.46185604  98.42118105]
0.4800365461280031
209
[ -5.46288461  62.18813505 188.46185604  98.42118105]
0.4800365461280031
210
[ -5.46288461  62.18813505 188.46185604  98.42118105]
0.4800365461280031
211
[ -5.46288461  62.18813505 188.46185604  98.42118105]
0.4800365461280031
212
[ -5.46288461  62.18813505 188.46185604  98.42118105]
0.4800365461280031
213
[ -5.46288461  62.18813505 188.46185604  98.42118105]
0.4800365461280031
214
[ -5.46288461  62.18813505 188.46185604  98.42118105]
0.4800365461280031
215
[ -5.46288461  62.18813505 188.46185604  98.42118105]
0.4800365461280031
216
[ -5.46288461  62.18813505 188.46185604  98.42118105]
0.4800365461280031
217
[ -5.46288461  62.18813505 188.46185604  98.42118105]
0.4800365461280031
218
[ -5.46288461  62.18813505 188.46185604  98.42118105]
0.4800365461280031
219
[ -5.46288461  62.18813505 188.46185604  98.42118105]
0.4800365461280031
220
[ -5.46288461  62.18813505 188.46185604  98.42118105]
0.4800365461280031
221
[ -5.46288461  62.18813505 188.46185604  98.42118105]
0.4800365461280031
222
[ -5.46288461  62.18813505 188.46185604  98.42118105]
0.4800365461280031
223
[ -5.46288461  62.18813505 188.46185604  98.42118105]
0.4800365461280031
224
[ -5.46288461  62.18813505 188.46185604  98.42118105]
0.4800365461280031
225
[ -5.46288461  62.18813505 188.46185604  98.42118105]
0.4800365461280031
226
[ -5.46288461  62.18813505 188.46185604  98.42118105]
0.4800365461280031
227
[  9.41295725  67.45994986 183.91012479  77.30739383]
0.4895224433059294
228
[  9.41295725  67.45994986 183.91012479  77.30739383]
0.4895224433059294
229
[  9.41295725  67.45994986 183.91012479  77.30739383]
0.4895224433059294
230
[  9.41295725  67.45994986 183.91012479  77.30739383]
0.4895224433059294
231
[  9.41295725  67.45994986 183.91012479  77.30739383]
0.4895224433059294
232
[  9.41295725  67.45994986 183.91012479  77.30739383]
0.4895224433059294
233
[  9.41295725  67.45994986 183.91012479  77.30739383]
0.4895224433059294
234
[  9.41295725  67.45994986 183.91012479  77.30739383]
0.4895224433059294
235
[  9.41295725  67.45994986 183.91012479  77.30739383]
0.4895224433059294
236
[  9.41295725  67.45994986 183.91012479  77.30739383]
0.4895224433059294
237
[  9.41295725  67.45994986 183.91012479  77.30739383]
0.4895224433059294
238
[  9.41295725  67.45994986 183.91012479  77.30739383]
0.4895224433059294
239
[  9.41295725  67.45994986 183.91012479  77.30739383]
0.4895224433059294
240
[  9.41295725  67.45994986 183.91012479  77.30739383]
0.4895224433059294
241
[  9.41295725  67.45994986 183.91012479  77.30739383]
0.4895224433059294
242
[  9.41295725  67.45994986 183.91012479  77.30739383]
0.4895224433059294
243
[  9.41295725  67.45994986 183.91012479  77.30739383]
0.4895224433059294
244
[  9.41295725  67.45994986 183.91012479  77.30739383]
0.4895224433059294
245
[  9.41295725  67.45994986 183.91012479  77.30739383]
0.4895224433059294
246
[  9.41295725  67.45994986 183.91012479  77.30739383]
0.4895224433059294
247
[  9.41295725  67.45994986 183.91012479  77.30739383]
0.4895224433059294
248
[  9.41295725  67.45994986 183.91012479  77.30739383]
0.4895224433059294
249
[  9.41295725  67.45994986 183.91012479  77.30739383]
0.4895224433059294
250
[  9.41295725  67.45994986 183.91012479  77.30739383]
0.4895224433059294
251
[  9.41295725  67.45994986 183.91012479  77.30739383]
0.4895224433059294
252
[  9.41295725  67.45994986 183.91012479  77.30739383]
0.4895224433059294
253
[  9.41295725  67.45994986 183.91012479  77.30739383]
0.4895224433059294
254
[  9.41295725  67.45994986 183.91012479  77.30739383]
0.4895224433059294
255
[  9.41295725  67.45994986 183.91012479  77.30739383]
0.4895224433059294
256
[  9.41295725  67.45994986 183.91012479  77.30739383]
0.4895224433059294
257
[  9.41295725  67.45994986 183.91012479  77.30739383]
0.4895224433059294
258
[  9.41295725  67.45994986 183.91012479  77.30739383]
0.4895224433059294
259
[  9.41295725  67.45994986 183.91012479  77.30739383]
0.4895224433059294
260
[  1.11589863  61.01020236 184.65463466  94.2435177 ]
0.5029433054804592
261
[  1.11589863  61.01020236 184.65463466  94.2435177 ]
0.5029433054804592
262
[  1.11589863  61.01020236 184.65463466  94.2435177 ]
0.5029433054804592
263
[  1.11589863  61.01020236 184.65463466  94.2435177 ]
0.5029433054804592
264
[  1.11589863  61.01020236 184.65463466  94.2435177 ]
0.5029433054804592
265
[  1.11589863  61.01020236 184.65463466  94.2435177 ]
0.5029433054804592
266
[  1.11589863  61.01020236 184.65463466  94.2435177 ]
0.5029433054804592
267
[  1.11589863  61.01020236 184.65463466  94.2435177 ]
0.5029433054804592
268
[  1.11589863  61.01020236 184.65463466  94.2435177 ]
0.5029433054804592
269
[  1.11589863  61.01020236 184.65463466  94.2435177 ]
0.5029433054804592
270
[  1.11589863  61.01020236 184.65463466  94.2435177 ]
0.5029433054804592
271
[  1.11589863  61.01020236 184.65463466  94.2435177 ]
0.5029433054804592
272
[  1.11589863  61.01020236 184.65463466  94.2435177 ]
0.5029433054804592
273
[  1.11589863  61.01020236 184.65463466  94.2435177 ]
0.5029433054804592
274
[  1.11589863  61.01020236 184.65463466  94.2435177 ]
0.5029433054804592
275
[  1.11589863  61.01020236 184.65463466  94.2435177 ]
0.5029433054804592
276
[  1.11589863  61.01020236 184.65463466  94.2435177 ]
0.5029433054804592
277
[  1.11589863  61.01020236 184.65463466  94.2435177 ]
0.5029433054804592
278
[  1.11589863  61.01020236 184.65463466  94.2435177 ]
0.5029433054804592
279
[  1.11589863  61.01020236 184.65463466  94.2435177 ]
0.5029433054804592
280
[  1.11589863  61.01020236 184.65463466  94.2435177 ]
0.5029433054804592
281
[  1.11589863  61.01020236 184.65463466  94.2435177 ]
0.5029433054804592
282
[  1.11589863  61.01020236 184.65463466  94.2435177 ]
0.5029433054804592
283
[  1.11589863  61.01020236 184.65463466  94.2435177 ]
0.5029433054804592
284
[  1.11589863  61.01020236 184.65463466  94.2435177 ]
0.5029433054804592
285
[  1.11589863  61.01020236 184.65463466  94.2435177 ]
0.5029433054804592
286
[  1.11589863  61.01020236 184.65463466  94.2435177 ]
0.5029433054804592
287
[  1.11589863  61.01020236 184.65463466  94.2435177 ]
0.5029433054804592
288
[  1.11589863  61.01020236 184.65463466  94.2435177 ]
0.5029433054804592
289
[  1.11589863  61.01020236 184.65463466  94.2435177 ]
0.5029433054804592
290
[  1.11589863  61.01020236 184.65463466  94.2435177 ]
0.5029433054804592
291
[  1.11589863  61.01020236 184.65463466  94.2435177 ]
0.5029433054804592
292
[  1.11589863  61.01020236 184.65463466  94.2435177 ]
0.5029433054804592
293
[  1.11589863  61.01020236 184.65463466  94.2435177 ]
0.5029433054804592
294
[  1.11589863  61.01020236 184.65463466  94.2435177 ]
0.5029433054804592
295
[  1.11589863  61.01020236 184.65463466  94.2435177 ]
0.5029433054804592
296
[  1.11589863  61.01020236 184.65463466  94.2435177 ]
0.5029433054804592
297
[  1.11589863  61.01020236 184.65463466  94.2435177 ]
0.5029433054804592
298
[  1.11589863  61.01020236 184.65463466  94.2435177 ]
0.5029433054804592
299
[  1.11589863  61.01020236 184.65463466  94.2435177 ]
0.5029433054804592
300
[  1.11589863  61.01020236 184.65463466  94.2435177 ]
0.5029433054804592
301
[  1.11589863  61.01020236 184.65463466  94.2435177 ]
0.5029433054804592
302
[  1.11589863  61.01020236 184.65463466  94.2435177 ]
0.5029433054804592
303
[  1.11589863  61.01020236 184.65463466  94.2435177 ]
0.5029433054804592
304
[  1.11589863  61.01020236 184.65463466  94.2435177 ]
0.5029433054804592
305
[  1.11589863  61.01020236 184.65463466  94.2435177 ]
0.5029433054804592
306
[  1.11589863  61.01020236 184.65463466  94.2435177 ]
0.5029433054804592
307
[  1.11589863  61.01020236 184.65463466  94.2435177 ]
0.5029433054804592
308
[  1.11589863  61.01020236 184.65463466  94.2435177 ]
0.5029433054804592
309
[  1.11589863  61.01020236 184.65463466  94.2435177 ]
0.5029433054804592
310
[  1.11589863  61.01020236 184.65463466  94.2435177 ]
0.5029433054804592
311
[  1.11589863  61.01020236 184.65463466  94.2435177 ]
0.5029433054804592
312
[  1.11589863  61.01020236 184.65463466  94.2435177 ]
0.5029433054804592
313
[  1.11589863  61.01020236 184.65463466  94.2435177 ]
0.5029433054804592
314
[  1.11589863  61.01020236 184.65463466  94.2435177 ]
0.5029433054804592
315
[  1.11589863  61.01020236 184.65463466  94.2435177 ]
0.5029433054804592
316
[  1.11589863  61.01020236 184.65463466  94.2435177 ]
0.5029433054804592
317
[  1.11589863  61.01020236 184.65463466  94.2435177 ]
0.5029433054804592
318
[  1.11589863  61.01020236 184.65463466  94.2435177 ]
0.5029433054804592
319
[  1.11589863  61.01020236 184.65463466  94.2435177 ]
0.5029433054804592
320
[  1.11589863  61.01020236 184.65463466  94.2435177 ]
0.5029433054804592
321
[  1.11589863  61.01020236 184.65463466  94.2435177 ]
0.5029433054804592
322
[  1.11589863  61.01020236 184.65463466  94.2435177 ]
0.5029433054804592
323
[  1.11589863  61.01020236 184.65463466  94.2435177 ]
0.5029433054804592
324
[ -2.8953842   62.15893336 187.44357924  97.91467345]
0.5185479175940712
325
[ -2.8953842   62.15893336 187.44357924  97.91467345]
0.5185479175940712
326
[ -2.8953842   62.15893336 187.44357924  97.91467345]
0.5185479175940712
327
[ -2.8953842   62.15893336 187.44357924  97.91467345]
0.5185479175940712
328
[ -2.8953842   62.15893336 187.44357924  97.91467345]
0.5185479175940712
329
[ -2.8953842   62.15893336 187.44357924  97.91467345]
0.5185479175940712
330
[ -2.8953842   62.15893336 187.44357924  97.91467345]
0.5185479175940712
331
[ -2.8953842   62.15893336 187.44357924  97.91467345]
0.5185479175940712
332
[ -2.8953842   62.15893336 187.44357924  97.91467345]
0.5185479175940712
333
[ -2.8953842   62.15893336 187.44357924  97.91467345]
0.5185479175940712
334
[ -2.8953842   62.15893336 187.44357924  97.91467345]
0.5185479175940712
335
[ -2.8953842   62.15893336 187.44357924  97.91467345]
0.5185479175940712
336
[ -2.8953842   62.15893336 187.44357924  97.91467345]
0.5185479175940712
337
[ -2.8953842   62.15893336 187.44357924  97.91467345]
0.5185479175940712
338
[ -2.8953842   62.15893336 187.44357924  97.91467345]
0.5185479175940712
339
[ -2.8953842   62.15893336 187.44357924  97.91467345]
0.5185479175940712
340
[ -2.8953842   62.15893336 187.44357924  97.91467345]
0.5185479175940712
341
[ -2.8953842   62.15893336 187.44357924  97.91467345]
0.5185479175940712
342
[ -2.8953842   62.15893336 187.44357924  97.91467345]
0.5185479175940712
343
[ -2.8953842   62.15893336 187.44357924  97.91467345]
0.5185479175940712
344
[ -2.8953842   62.15893336 187.44357924  97.91467345]
0.5185479175940712
345
[ -2.8953842   62.15893336 187.44357924  97.91467345]
0.5185479175940712
346
[ -2.8953842   62.15893336 187.44357924  97.91467345]
0.5185479175940712
347
[ -2.8953842   62.15893336 187.44357924  97.91467345]
0.5185479175940712
348
[ -2.8953842   62.15893336 187.44357924  97.91467345]
0.5185479175940712
349
[ -2.8953842   62.15893336 187.44357924  97.91467345]
0.5185479175940712
350
[ -2.8953842   62.15893336 187.44357924  97.91467345]
0.5185479175940712
351
[ -2.8953842   62.15893336 187.44357924  97.91467345]
0.5185479175940712
352
[ -2.8953842   62.15893336 187.44357924  97.91467345]
0.5185479175940712
353
[ -2.8953842   62.15893336 187.44357924  97.91467345]
0.5185479175940712
354
[ -2.8953842   62.15893336 187.44357924  97.91467345]
0.5185479175940712
355
[ -2.8953842   62.15893336 187.44357924  97.91467345]
0.5185479175940712
356
[ -2.8953842   62.15893336 187.44357924  97.91467345]
0.5185479175940712
357
[ -2.8953842   62.15893336 187.44357924  97.91467345]
0.5185479175940712
358
[ -2.8953842   62.15893336 187.44357924  97.91467345]
0.5185479175940712
359
[ -2.8953842   62.15893336 187.44357924  97.91467345]
0.5185479175940712
360
[ -2.8953842   62.15893336 187.44357924  97.91467345]
0.5185479175940712
361
[ -2.8953842   62.15893336 187.44357924  97.91467345]
0.5185479175940712
362
[ -2.8953842   62.15893336 187.44357924  97.91467345]
0.5185479175940712
363
[ -2.8953842   62.15893336 187.44357924  97.91467345]
0.5185479175940712
364
[ -2.8953842   62.15893336 187.44357924  97.91467345]
0.5185479175940712
365
[ -2.8953842   62.15893336 187.44357924  97.91467345]
0.5185479175940712
366
[ -2.8953842   62.15893336 187.44357924  97.91467345]
0.5185479175940712
367
[ -2.8953842   62.15893336 187.44357924  97.91467345]
0.5185479175940712
368
[ -2.8953842   62.15893336 187.44357924  97.91467345]
0.5185479175940712
369
[ -2.8953842   62.15893336 187.44357924  97.91467345]
0.5185479175940712
370
[ -2.8953842   62.15893336 187.44357924  97.91467345]
0.5185479175940712
371
[ -2.8953842   62.15893336 187.44357924  97.91467345]
0.5185479175940712
372
[ -2.8953842   62.15893336 187.44357924  97.91467345]
0.5185479175940712
373
[ -2.8953842   62.15893336 187.44357924  97.91467345]
0.5185479175940712
374
[ -2.8953842   62.15893336 187.44357924  97.91467345]
0.5185479175940712
375
[ -2.8953842   62.15893336 187.44357924  97.91467345]
0.5185479175940712
376
[ -2.8953842   62.15893336 187.44357924  97.91467345]
0.5185479175940712
377
[ -2.8953842   62.15893336 187.44357924  97.91467345]
0.5185479175940712
378
[ -2.8953842   62.15893336 187.44357924  97.91467345]
0.5185479175940712
379
[ -2.8953842   62.15893336 187.44357924  97.91467345]
0.5185479175940712
380
[ -2.8953842   62.15893336 187.44357924  97.91467345]
0.5185479175940712
381
[ -2.8953842   62.15893336 187.44357924  97.91467345]
0.5185479175940712
382
[ -2.8953842   62.15893336 187.44357924  97.91467345]
0.5185479175940712
383
[ -2.8953842   62.15893336 187.44357924  97.91467345]
0.5185479175940712
384
[ -2.8953842   62.15893336 187.44357924  97.91467345]
0.5185479175940712
385
[ -2.8953842   62.15893336 187.44357924  97.91467345]
0.5185479175940712
386
[ -2.8953842   62.15893336 187.44357924  97.91467345]
0.5185479175940712
387
[ -2.8953842   62.15893336 187.44357924  97.91467345]
0.5185479175940712
388
[ -2.8953842   62.15893336 187.44357924  97.91467345]
0.5185479175940712
389
[ -2.8953842   62.15893336 187.44357924  97.91467345]
0.5185479175940712
390
[ -2.8953842   62.15893336 187.44357924  97.91467345]
0.5185479175940712
391
[ -2.8953842   62.15893336 187.44357924  97.91467345]
0.5185479175940712
392
[ -2.8953842   62.15893336 187.44357924  97.91467345]
0.5185479175940712
393
[ -2.8953842   62.15893336 187.44357924  97.91467345]
0.5185479175940712
394
[ -2.8953842   62.15893336 187.44357924  97.91467345]
0.5185479175940712
395
[ -2.8953842   62.15893336 187.44357924  97.91467345]
0.5185479175940712
396
[ -2.8953842   62.15893336 187.44357924  97.91467345]
0.5185479175940712
397
[ -2.8953842   62.15893336 187.44357924  97.91467345]
0.5185479175940712
398
[ -2.8953842   62.15893336 187.44357924  97.91467345]
0.5185479175940712
399
[ -2.8953842   62.15893336 187.44357924  97.91467345]
0.5185479175940712
400
[ -2.8953842   62.15893336 187.44357924  97.91467345]
0.5185479175940712
401
[ -2.8953842   62.15893336 187.44357924  97.91467345]
0.5185479175940712
402
[ -2.8953842   62.15893336 187.44357924  97.91467345]
0.5185479175940712
403
[ -2.8953842   62.15893336 187.44357924  97.91467345]
0.5185479175940712
404
[ -2.8953842   62.15893336 187.44357924  97.91467345]
0.5185479175940712
405
[ -2.8953842   62.15893336 187.44357924  97.91467345]
0.5185479175940712
406
[ -2.8953842   62.15893336 187.44357924  97.91467345]
0.5185479175940712
407
[ -2.8953842   62.15893336 187.44357924  97.91467345]
0.5185479175940712
408
[ -2.8953842   62.15893336 187.44357924  97.91467345]
0.5185479175940712
409
[ -2.8953842   62.15893336 187.44357924  97.91467345]
0.5185479175940712
410
[  1.20445494  62.931916   191.63141082  98.19112637]
0.5222973172776714
411
[  1.20445494  62.931916   191.63141082  98.19112637]
0.5222973172776714
412
[  1.20445494  62.931916   191.63141082  98.19112637]
0.5222973172776714
413
[  1.20445494  62.931916   191.63141082  98.19112637]
0.5222973172776714
414
[  1.20445494  62.931916   191.63141082  98.19112637]
0.5222973172776714
415
[  1.20445494  62.931916   191.63141082  98.19112637]
0.5222973172776714
416
[  1.20445494  62.931916   191.63141082  98.19112637]
0.5222973172776714
417
[  1.20445494  62.931916   191.63141082  98.19112637]
0.5222973172776714
418
[  1.20445494  62.931916   191.63141082  98.19112637]
0.5222973172776714
419
[  1.20445494  62.931916   191.63141082  98.19112637]
0.5222973172776714
420
[  1.20445494  62.931916   191.63141082  98.19112637]
0.5222973172776714
421
[  1.20445494  62.931916   191.63141082  98.19112637]
0.5222973172776714
422
[  1.20445494  62.931916   191.63141082  98.19112637]
0.5222973172776714
423
[  1.20445494  62.931916   191.63141082  98.19112637]
0.5222973172776714
424
[  1.20445494  62.931916   191.63141082  98.19112637]
0.5222973172776714
425
[  1.20445494  62.931916   191.63141082  98.19112637]
0.5222973172776714
426
[  1.20445494  62.931916   191.63141082  98.19112637]
0.5222973172776714
427
[  1.20445494  62.931916   191.63141082  98.19112637]
0.5222973172776714
428
[  1.20445494  62.931916   191.63141082  98.19112637]
0.5222973172776714
429
[  1.20445494  62.931916   191.63141082  98.19112637]
0.5222973172776714
430
[  1.20445494  62.931916   191.63141082  98.19112637]
0.5222973172776714
431
[  1.20445494  62.931916   191.63141082  98.19112637]
0.5222973172776714
432
[  1.20445494  62.931916   191.63141082  98.19112637]
0.5222973172776714
433
[  1.20445494  62.931916   191.63141082  98.19112637]
0.5222973172776714
434
[  1.20445494  62.931916   191.63141082  98.19112637]
0.5222973172776714
435
[  1.20445494  62.931916   191.63141082  98.19112637]
0.5222973172776714
436
[  1.20445494  62.931916   191.63141082  98.19112637]
0.5222973172776714
437
[  1.20445494  62.931916   191.63141082  98.19112637]
0.5222973172776714
438
[  1.20445494  62.931916   191.63141082  98.19112637]
0.5222973172776714
439
[  1.20445494  62.931916   191.63141082  98.19112637]
0.5222973172776714
440
[  1.20445494  62.931916   191.63141082  98.19112637]
0.5222973172776714
441
[  1.20445494  62.931916   191.63141082  98.19112637]
0.5222973172776714
442
[  1.20445494  62.931916   191.63141082  98.19112637]
0.5222973172776714
443
[  1.20445494  62.931916   191.63141082  98.19112637]
0.5222973172776714
444
[  1.20445494  62.931916   191.63141082  98.19112637]
0.5222973172776714
445
[  1.20445494  62.931916   191.63141082  98.19112637]
0.5222973172776714
446
[  1.20445494  62.931916   191.63141082  98.19112637]
0.5222973172776714
447
[  1.20445494  62.931916   191.63141082  98.19112637]
0.5222973172776714
448
[  1.20445494  62.931916   191.63141082  98.19112637]
0.5222973172776714
449
[  1.20445494  62.931916   191.63141082  98.19112637]
0.5222973172776714
450
[  1.20445494  62.931916   191.63141082  98.19112637]
0.5222973172776714
451
[  1.20445494  62.931916   191.63141082  98.19112637]
0.5222973172776714
452
[  1.20445494  62.931916   191.63141082  98.19112637]
0.5222973172776714
453
[  1.20445494  62.931916   191.63141082  98.19112637]
0.5222973172776714
454
[  1.20445494  62.931916   191.63141082  98.19112637]
0.5222973172776714
455
[  1.20445494  62.931916   191.63141082  98.19112637]
0.5222973172776714
456
[  1.20445494  62.931916   191.63141082  98.19112637]
0.5222973172776714
457
[  1.20445494  62.931916   191.63141082  98.19112637]
0.5222973172776714
458
[  1.20445494  62.931916   191.63141082  98.19112637]
0.5222973172776714
459
[  1.20445494  62.931916   191.63141082  98.19112637]
0.5222973172776714
460
[  1.20445494  62.931916   191.63141082  98.19112637]
0.5222973172776714
461
[  1.20445494  62.931916   191.63141082  98.19112637]
0.5222973172776714
462
[  1.20445494  62.931916   191.63141082  98.19112637]
0.5222973172776714
463
[  1.20445494  62.931916   191.63141082  98.19112637]
0.5222973172776714
464
[  1.20445494  62.931916   191.63141082  98.19112637]
0.5222973172776714
465
[  1.20445494  62.931916   191.63141082  98.19112637]
0.5222973172776714
466
[  1.20445494  62.931916   191.63141082  98.19112637]
0.5222973172776714
467
[  1.20445494  62.931916   191.63141082  98.19112637]
0.5222973172776714
468
[  1.20445494  62.931916   191.63141082  98.19112637]
0.5222973172776714
469
[  1.20445494  62.931916   191.63141082  98.19112637]
0.5222973172776714
470
[  1.20445494  62.931916   191.63141082  98.19112637]
0.5222973172776714
471
[  1.20445494  62.931916   191.63141082  98.19112637]
0.5222973172776714
472
[  1.20445494  62.931916   191.63141082  98.19112637]
0.5222973172776714
473
[  1.20445494  62.931916   191.63141082  98.19112637]
0.5222973172776714
474
[  1.20445494  62.931916   191.63141082  98.19112637]
0.5222973172776714
475
[  1.20445494  62.931916   191.63141082  98.19112637]
0.5222973172776714
476
[  1.20445494  62.931916   191.63141082  98.19112637]
0.5222973172776714
477
[  1.20445494  62.931916   191.63141082  98.19112637]
0.5222973172776714
478
[  1.20445494  62.931916   191.63141082  98.19112637]
0.5222973172776714
479
[  1.20445494  62.931916   191.63141082  98.19112637]
0.5222973172776714
480
[  1.20445494  62.931916   191.63141082  98.19112637]
0.5222973172776714
481
[  1.20445494  62.931916   191.63141082  98.19112637]
0.5222973172776714
482
[  1.20445494  62.931916   191.63141082  98.19112637]
0.5222973172776714
483
[  1.20445494  62.931916   191.63141082  98.19112637]
0.5222973172776714
484
[  1.20445494  62.931916   191.63141082  98.19112637]
0.5222973172776714
485
[  1.20445494  62.931916   191.63141082  98.19112637]
0.5222973172776714
486
[  1.20445494  62.931916   191.63141082  98.19112637]
0.5222973172776714
487
[  1.20445494  62.931916   191.63141082  98.19112637]
0.5222973172776714
488
[  1.20445494  62.931916   191.63141082  98.19112637]
0.5222973172776714
489
[  1.20445494  62.931916   191.63141082  98.19112637]
0.5222973172776714
490
[  1.20445494  62.931916   191.63141082  98.19112637]
0.5222973172776714
491
[  1.20445494  62.931916   191.63141082  98.19112637]
0.5222973172776714
492
[  1.20445494  62.931916   191.63141082  98.19112637]
0.5222973172776714
493
[  1.20445494  62.931916   191.63141082  98.19112637]
0.5222973172776714
494
[  1.20445494  62.931916   191.63141082  98.19112637]
0.5222973172776714
495
[  1.20445494  62.931916   191.63141082  98.19112637]
0.5222973172776714
496
[  1.20445494  62.931916   191.63141082  98.19112637]
0.5222973172776714
497
[  1.20445494  62.931916   191.63141082  98.19112637]
0.5222973172776714
498
[  1.20445494  62.931916   191.63141082  98.19112637]
0.5222973172776714
499
[  1.20445494  62.931916   191.63141082  98.19112637]
0.5222973172776714