0
[  9.12550841 125.29029579 196.19816585  86.44600389]
0.4053143168236102
1
[  9.12550841 125.29029579 196.19816585  86.44600389]
0.4053143168236102
2
[  9.12550841 125.29029579 196.19816585  86.44600389]
0.4053143168236102
3
[  9.12550841 125.29029579 196.19816585  86.44600389]
0.4053143168236102
4
[  9.12550841 125.29029579 196.19816585  86.44600389]
0.4053143168236102
5
[  8.9684981   60.76580995 234.46308017  93.29827359]
0.5019168468586419
6
[  8.9684981   60.76580995 234.46308017  93.29827359]
0.5019168468586419
7
[  8.9684981   60.76580995 234.46308017  93.29827359]
0.5019168468586419
8
[  8.9684981   60.76580995 234.46308017  93.29827359]
0.5019168468586419
9
[  8.9684981   60.76580995 234.46308017  93.29827359]
0.5019168468586419
10
[  8.9684981   60.76580995 234.46308017  93.29827359]
0.5019168468586419
11
[  8.9684981   60.76580995 234.46308017  93.29827359]
0.5019168468586419
12
[  8.9684981   60.76580995 234.46308017  93.29827359]
0.5019168468586419
13
[  8.9684981   60.76580995 234.46308017  93.29827359]
0.5019168468586419
14
[  8.9684981   60.76580995 234.46308017  93.29827359]
0.5019168468586419
15
[  8.9684981   60.76580995 234.46308017  93.29827359]
0.5019168468586419
16
[  8.9684981   60.76580995 234.46308017  93.29827359]
0.5019168468586419
17
[  8.9684981   60.76580995 234.46308017  93.29827359]
0.5019168468586419
18
[  8.9684981   60.76580995 234.46308017  93.29827359]
0.5019168468586419
19
[  8.9684981   60.76580995 234.46308017  93.29827359]
0.5019168468586419
20
[  8.9684981   60.76580995 234.46308017  93.29827359]
0.5019168468586419
21
[  8.9684981   60.76580995 234.46308017  93.29827359]
0.5019168468586419
22
[  8.9684981   60.76580995 234.46308017  93.29827359]
0.5019168468586419
23
[  8.9684981   60.76580995 234.46308017  93.29827359]
0.5019168468586419
24
[  8.9684981   60.76580995 234.46308017  93.29827359]
0.5019168468586419
25
[  8.9684981   60.76580995 234.46308017  93.29827359]
0.5019168468586419
26
[  8.9684981   60.76580995 234.46308017  93.29827359]
0.5019168468586419
27
[  8.9684981   60.76580995 234.46308017  93.29827359]
0.5019168468586419
28
[  8.9684981   60.76580995 234.46308017  93.29827359]
0.5019168468586419
29
[  8.9684981   60.76580995 234.46308017  93.29827359]
0.5019168468586419
30
[  8.9684981   60.76580995 234.46308017  93.29827359]
0.5019168468586419
31
[  8.9684981   60.76580995 234.46308017  93.29827359]
0.5019168468586419
32
[  8.9684981   60.76580995 234.46308017  93.29827359]
0.5019168468586419
33
[  8.9684981   60.76580995 234.46308017  93.29827359]
0.5019168468586419
34
[  8.9684981   60.76580995 234.46308017  93.29827359]
0.5019168468586419
35
[  8.9684981   60.76580995 234.46308017  93.29827359]
0.5019168468586419
36
[  8.9684981   60.76580995 234.46308017  93.29827359]
0.5019168468586419
37
[  8.9684981   60.76580995 234.46308017  93.29827359]
0.5019168468586419
38
[  8.9684981   60.76580995 234.46308017  93.29827359]
0.5019168468586419
39
[  8.9684981   60.76580995 234.46308017  93.29827359]
0.5019168468586419
40
[  8.9684981   60.76580995 234.46308017  93.29827359]
0.5019168468586419
41
[  8.9684981   60.76580995 234.46308017  93.29827359]
0.5019168468586419
42
[  8.9684981   60.76580995 234.46308017  93.29827359]
0.5019168468586419
43
[  8.9684981   60.76580995 234.46308017  93.29827359]
0.5019168468586419
44
[  8.9684981   60.76580995 234.46308017  93.29827359]
0.5019168468586419
45
[  8.9684981   60.76580995 234.46308017  93.29827359]
0.5019168468586419
46
[  8.9684981   60.76580995 234.46308017  93.29827359]
0.5019168468586419
47
[  8.9684981   60.76580995 234.46308017  93.29827359]
0.5019168468586419
48
[  8.9684981   60.76580995 234.46308017  93.29827359]
0.5019168468586419
49
[  8.9684981   60.76580995 234.46308017  93.29827359]
0.5019168468586419
50
[  8.9684981   60.76580995 234.46308017  93.29827359]
0.5019168468586419
51
[  8.9684981   60.76580995 234.46308017  93.29827359]
0.5019168468586419
52
[  8.9684981   60.76580995 234.46308017  93.29827359]
0.5019168468586419
53
[  8.9684981   60.76580995 234.46308017  93.29827359]
0.5019168468586419
54
[  8.9684981   60.76580995 234.46308017  93.29827359]
0.5019168468586419
55
[  8.9684981   60.76580995 234.46308017  93.29827359]
0.5019168468586419
56
[  8.9684981   60.76580995 234.46308017  93.29827359]
0.5019168468586419
57
[  8.9684981   60.76580995 234.46308017  93.29827359]
0.5019168468586419
58
[  8.9684981   60.76580995 234.46308017  93.29827359]
0.5019168468586419
59
[  8.9684981   60.76580995 234.46308017  93.29827359]
0.5019168468586419
60
[  8.9684981   60.76580995 234.46308017  93.29827359]
0.5019168468586419
61
[  8.9684981   60.76580995 234.46308017  93.29827359]
0.5019168468586419
62
[  8.9684981   60.76580995 234.46308017  93.29827359]
0.5019168468586419
63
[  8.9684981   60.76580995 234.46308017  93.29827359]
0.5019168468586419
64
[  8.9684981   60.76580995 234.46308017  93.29827359]
0.5019168468586419
65
[  8.9684981   60.76580995 234.46308017  93.29827359]
0.5019168468586419
66
[  8.9684981   60.76580995 234.46308017  93.29827359]
0.5019168468586419
67
[  8.9684981   60.76580995 234.46308017  93.29827359]
0.5019168468586419
68
[  8.9684981   60.76580995 234.46308017  93.29827359]
0.5019168468586419
69
[  8.9684981   60.76580995 234.46308017  93.29827359]
0.5019168468586419
70
[  8.9684981   60.76580995 234.46308017  93.29827359]
0.5019168468586419
71
[  8.9684981   60.76580995 234.46308017  93.29827359]
0.5019168468586419
72
[  8.9684981   60.76580995 234.46308017  93.29827359]
0.5019168468586419
73
[  8.9684981   60.76580995 234.46308017  93.29827359]
0.5019168468586419
74
[  8.9684981   60.76580995 234.46308017  93.29827359]
0.5019168468586419
75
[  8.9684981   60.76580995 234.46308017  93.29827359]
0.5019168468586419
76
[  8.9684981   60.76580995 234.46308017  93.29827359]
0.5019168468586419
77
[  8.9684981   60.76580995 234.46308017  93.29827359]
0.5019168468586419
78
[  8.9684981   60.76580995 234.46308017  93.29827359]
0.5019168468586419
79
[  8.9684981   60.76580995 234.46308017  93.29827359]
0.5019168468586419
80
[  8.9684981   60.76580995 234.46308017  93.29827359]
0.5019168468586419
81
[  8.9684981   60.76580995 234.46308017  93.29827359]
0.5019168468586419
82
[  8.9684981   60.76580995 234.46308017  93.29827359]
0.5019168468586419
83
[  8.9684981   60.76580995 234.46308017  93.29827359]
0.5019168468586419
84
[  8.9684981   60.76580995 234.46308017  93.29827359]
0.5019168468586419
85
[  8.9684981   60.76580995 234.46308017  93.29827359]
0.5019168468586419
86
[  8.9684981   60.76580995 234.46308017  93.29827359]
0.5019168468586419
87
[  8.9684981   60.76580995 234.46308017  93.29827359]
0.5019168468586419
88
[  8.9684981   60.76580995 234.46308017  93.29827359]
0.5019168468586419
89
[ 19.03802656  56.17377295 212.98736768  78.34653719]
0.5057640903752099
90
[ 19.03802656  56.17377295 212.98736768  78.34653719]
0.5057640903752099
91
[ 19.03802656  56.17377295 212.98736768  78.34653719]
0.5057640903752099
92
[ 19.03802656  56.17377295 212.98736768  78.34653719]
0.5057640903752099
93
[ 19.03802656  56.17377295 212.98736768  78.34653719]
0.5057640903752099
94
[ 19.03802656  56.17377295 212.98736768  78.34653719]
0.5057640903752099
95
[ 19.03802656  56.17377295 212.98736768  78.34653719]
0.5057640903752099
96
[ 19.03802656  56.17377295 212.98736768  78.34653719]
0.5057640903752099
97
[ 19.03802656  56.17377295 212.98736768  78.34653719]
0.5057640903752099
98
[ 19.03802656  56.17377295 212.98736768  78.34653719]
0.5057640903752099
99
[ 19.03802656  56.17377295 212.98736768  78.34653719]
0.5057640903752099
100
[ 19.03802656  56.17377295 212.98736768  78.34653719]
0.5057640903752099
101
[ 19.03802656  56.17377295 212.98736768  78.34653719]
0.5057640903752099
102
[ 19.03802656  56.17377295 212.98736768  78.34653719]
0.5057640903752099
103
[ 19.03802656  56.17377295 212.98736768  78.34653719]
0.5057640903752099
104
[ 19.03802656  56.17377295 212.98736768  78.34653719]
0.5057640903752099
105
[ 19.03802656  56.17377295 212.98736768  78.34653719]
0.5057640903752099
106
[ 19.03802656  56.17377295 212.98736768  78.34653719]
0.5057640903752099
107
[ 19.03802656  56.17377295 212.98736768  78.34653719]
0.5057640903752099
108
[ 12.14380427  60.34262693 230.8778378   91.30024215]
0.51404610841593
109
[ 12.14380427  60.34262693 230.8778378   91.30024215]
0.51404610841593
110
[ 12.14380427  60.34262693 230.8778378   91.30024215]
0.51404610841593
111
[ 12.14380427  60.34262693 230.8778378   91.30024215]
0.51404610841593
112
[ 12.14380427  60.34262693 230.8778378   91.30024215]
0.51404610841593
113
[ 12.14380427  60.34262693 230.8778378   91.30024215]
0.51404610841593
114
[ 12.14380427  60.34262693 230.8778378   91.30024215]
0.51404610841593
115
[ 12.14380427  60.34262693 230.8778378   91.30024215]
0.51404610841593
116
[ 12.14380427  60.34262693 230.8778378   91.30024215]
0.51404610841593
117
[ 12.14380427  60.34262693 230.8778378   91.30024215]
0.51404610841593
118
[ 12.14380427  60.34262693 230.8778378   91.30024215]
0.51404610841593
119
[ 12.14380427  60.34262693 230.8778378   91.30024215]
0.51404610841593
120
[ 12.14380427  60.34262693 230.8778378   91.30024215]
0.51404610841593
121
[ 12.14380427  60.34262693 230.8778378   91.30024215]
0.51404610841593
122
[ 12.14380427  60.34262693 230.8778378   91.30024215]
0.51404610841593
123
[ 12.14380427  60.34262693 230.8778378   91.30024215]
0.51404610841593
124
[ 12.14380427  60.34262693 230.8778378   91.30024215]
0.51404610841593
125
[ 12.14380427  60.34262693 230.8778378   91.30024215]
0.51404610841593
126
[ 12.14380427  60.34262693 230.8778378   91.30024215]
0.51404610841593
127
[ 12.14380427  60.34262693 230.8778378   91.30024215]
0.51404610841593
128
[ 12.14380427  60.34262693 230.8778378   91.30024215]
0.51404610841593
129
[ 12.14380427  60.34262693 230.8778378   91.30024215]
0.51404610841593
130
[ 12.14380427  60.34262693 230.8778378   91.30024215]
0.51404610841593
131
[ 12.14380427  60.34262693 230.8778378   91.30024215]
0.51404610841593
132
[ 12.14380427  60.34262693 230.8778378   91.30024215]
0.51404610841593
133
[ 12.14380427  60.34262693 230.8778378   91.30024215]
0.51404610841593
134
[ 12.14380427  60.34262693 230.8778378   91.30024215]
0.51404610841593
135
[ 12.14380427  60.34262693 230.8778378   91.30024215]
0.51404610841593
136
[ 12.14380427  60.34262693 230.8778378   91.30024215]
0.51404610841593
137
[ 12.14380427  60.34262693 230.8778378   91.30024215]
0.51404610841593
138
[ 12.14380427  60.34262693 230.8778378   91.30024215]
0.51404610841593
139
[ 15.4770479   57.21258034 220.66937812  90.36634179]
0.5212664003360241
140
[ 15.4770479   57.21258034 220.66937812  90.36634179]
0.5212664003360241
141
[ 15.4770479   57.21258034 220.66937812  90.36634179]
0.5212664003360241
142
[ 15.4770479   57.21258034 220.66937812  90.36634179]
0.5212664003360241
143
[ 15.4770479   57.21258034 220.66937812  90.36634179]
0.5212664003360241
144
[ 15.4770479   57.21258034 220.66937812  90.36634179]
0.5212664003360241
145
[ 15.4770479   57.21258034 220.66937812  90.36634179]
0.5212664003360241
146
[ 15.4770479   57.21258034 220.66937812  90.36634179]
0.5212664003360241
147
[ 15.4770479   57.21258034 220.66937812  90.36634179]
0.5212664003360241
148
[ 15.4770479   57.21258034 220.66937812  90.36634179]
0.5212664003360241
149
[ 15.4770479   57.21258034 220.66937812  90.36634179]
0.5212664003360241
150
[ 15.4770479   57.21258034 220.66937812  90.36634179]
0.5212664003360241
151
[ 15.4770479   57.21258034 220.66937812  90.36634179]
0.5212664003360241
152
[ 15.4770479   57.21258034 220.66937812  90.36634179]
0.5212664003360241
153
[ 15.4770479   57.21258034 220.66937812  90.36634179]
0.5212664003360241
154
[ 15.4770479   57.21258034 220.66937812  90.36634179]
0.5212664003360241
155
[ 15.4770479   57.21258034 220.66937812  90.36634179]
0.5212664003360241
156
[ 15.4770479   57.21258034 220.66937812  90.36634179]
0.5212664003360241
157
[ 15.4770479   57.21258034 220.66937812  90.36634179]
0.5212664003360241
158
[ 15.4770479   57.21258034 220.66937812  90.36634179]
0.5212664003360241
159
[ 15.4770479   57.21258034 220.66937812  90.36634179]
0.5212664003360241
160
[ 15.4770479   57.21258034 220.66937812  90.36634179]
0.5212664003360241
161
[ 15.4770479   57.21258034 220.66937812  90.36634179]
0.5212664003360241
162
[ 15.4770479   57.21258034 220.66937812  90.36634179]
0.5212664003360241
163
[ 15.4770479   57.21258034 220.66937812  90.36634179]
0.5212664003360241
164
[ 15.4770479   57.21258034 220.66937812  90.36634179]
0.5212664003360241
165
[ 15.4770479   57.21258034 220.66937812  90.36634179]
0.5212664003360241
166
[ 15.4770479   57.21258034 220.66937812  90.36634179]
0.5212664003360241
167
[ 15.4770479   57.21258034 220.66937812  90.36634179]
0.5212664003360241
168
[ 15.4770479   57.21258034 220.66937812  90.36634179]
0.5212664003360241
169
[ 15.4770479   57.21258034 220.66937812  90.36634179]
0.5212664003360241
170
[ 15.4770479   57.21258034 220.66937812  90.36634179]
0.5212664003360241
171
[ 15.4770479   57.21258034 220.66937812  90.36634179]
0.5212664003360241
172
[  9.56124704  58.10312261 186.37435029  62.03897627]
0.5249489112523962
173
[  9.56124704  58.10312261 186.37435029  62.03897627]
0.5249489112523962
174
[  9.56124704  58.10312261 186.37435029  62.03897627]
0.5249489112523962
175
[  9.56124704  58.10312261 186.37435029  62.03897627]
0.5249489112523962
176
[  9.56124704  58.10312261 186.37435029  62.03897627]
0.5249489112523962
177
[  9.56124704  58.10312261 186.37435029  62.03897627]
0.5249489112523962
178
[  9.73908327  57.04117991 200.70615414 102.49821475]
0.5297444179962151
179
[  9.73908327  57.04117991 200.70615414 102.49821475]
0.5297444179962151
180
[ 14.38425865  55.62638004 201.36282185  68.92163165]
0.5381200020246008
181
[ 14.38425865  55.62638004 201.36282185  68.92163165]
0.5381200020246008
182
[ 14.38425865  55.62638004 201.36282185  68.92163165]
0.5381200020246008
183
[ 14.38425865  55.62638004 201.36282185  68.92163165]
0.5381200020246008
184
[ 14.38425865  55.62638004 201.36282185  68.92163165]
0.5381200020246008
185
[ 14.38425865  55.62638004 201.36282185  68.92163165]
0.5381200020246008
186
[ 14.38425865  55.62638004 201.36282185  68.92163165]
0.5381200020246008
187
[ 14.38425865  55.62638004 201.36282185  68.92163165]
0.5381200020246008
188
[ 14.38425865  55.62638004 201.36282185  68.92163165]
0.5381200020246008
189
[ 14.38425865  55.62638004 201.36282185  68.92163165]
0.5381200020246008
190
[ 14.38425865  55.62638004 201.36282185  68.92163165]
0.5381200020246008
191
[ 14.38425865  55.62638004 201.36282185  68.92163165]
0.5381200020246008
192
[ 14.38425865  55.62638004 201.36282185  68.92163165]
0.5381200020246008
193
[ 14.38425865  55.62638004 201.36282185  68.92163165]
0.5381200020246008
194
[ 14.38425865  55.62638004 201.36282185  68.92163165]
0.5381200020246008
195
[ 14.38425865  55.62638004 201.36282185  68.92163165]
0.5381200020246008
196
[ 14.38425865  55.62638004 201.36282185  68.92163165]
0.5381200020246008
197
[ 14.38425865  55.62638004 201.36282185  68.92163165]
0.5381200020246008
198
[ 14.38425865  55.62638004 201.36282185  68.92163165]
0.5381200020246008
199
[ 14.38425865  55.62638004 201.36282185  68.92163165]
0.5381200020246008
200
[ 14.38425865  55.62638004 201.36282185  68.92163165]
0.5381200020246008
201
[ 14.38425865  55.62638004 201.36282185  68.92163165]
0.5381200020246008
202
[ 14.38425865  55.62638004 201.36282185  68.92163165]
0.5381200020246008
203
[ 14.38425865  55.62638004 201.36282185  68.92163165]
0.5381200020246008
204
[ 14.38425865  55.62638004 201.36282185  68.92163165]
0.5381200020246008
205
[ 14.38425865  55.62638004 201.36282185  68.92163165]
0.5381200020246008
206
[ 14.38425865  55.62638004 201.36282185  68.92163165]
0.5381200020246008
207
[ 14.38425865  55.62638004 201.36282185  68.92163165]
0.5381200020246008
208
[ 14.38425865  55.62638004 201.36282185  68.92163165]
0.5381200020246008
209
[ 14.38425865  55.62638004 201.36282185  68.92163165]
0.5381200020246008
210
[ 14.38425865  55.62638004 201.36282185  68.92163165]
0.5381200020246008
211
[ 14.38425865  55.62638004 201.36282185  68.92163165]
0.5381200020246008
212
[ 14.38425865  55.62638004 201.36282185  68.92163165]
0.5381200020246008
213
[ 14.38425865  55.62638004 201.36282185  68.92163165]
0.5381200020246008
214
[ 14.38425865  55.62638004 201.36282185  68.92163165]
0.5381200020246008
215
[ 14.38425865  55.62638004 201.36282185  68.92163165]
0.5381200020246008
216
[ 14.38425865  55.62638004 201.36282185  68.92163165]
0.5381200020246008
217
[ 14.38425865  55.62638004 201.36282185  68.92163165]
0.5381200020246008
218
[ 14.38425865  55.62638004 201.36282185  68.92163165]
0.5381200020246008
219
[ 14.38425865  55.62638004 201.36282185  68.92163165]
0.5381200020246008
220
[ 14.38425865  55.62638004 201.36282185  68.92163165]
0.5381200020246008
221
[ 14.38425865  55.62638004 201.36282185  68.92163165]
0.5381200020246008
222
[ 14.38425865  55.62638004 201.36282185  68.92163165]
0.5381200020246008
223
[ 14.38425865  55.62638004 201.36282185  68.92163165]
0.5381200020246008
224
[ 14.38425865  55.62638004 201.36282185  68.92163165]
0.5381200020246008
225
[ 14.38425865  55.62638004 201.36282185  68.92163165]
0.5381200020246008
226
[ 14.38425865  55.62638004 201.36282185  68.92163165]
0.5381200020246008
227
[ 14.38425865  55.62638004 201.36282185  68.92163165]
0.5381200020246008
228
[ 14.38425865  55.62638004 201.36282185  68.92163165]
0.5381200020246008
229
[ 14.38425865  55.62638004 201.36282185  68.92163165]
0.5381200020246008
230
[ 14.38425865  55.62638004 201.36282185  68.92163165]
0.5381200020246008
231
[ 14.38425865  55.62638004 201.36282185  68.92163165]
0.5381200020246008
232
[ 14.38425865  55.62638004 201.36282185  68.92163165]
0.5381200020246008
233
[ 14.38425865  55.62638004 201.36282185  68.92163165]
0.5381200020246008
234
[ 14.38425865  55.62638004 201.36282185  68.92163165]
0.5381200020246008
235
[ 14.38425865  55.62638004 201.36282185  68.92163165]
0.5381200020246008
236
[ 14.38425865  55.62638004 201.36282185  68.92163165]
0.5381200020246008
237
[ 14.38425865  55.62638004 201.36282185  68.92163165]
0.5381200020246008
238
[ 14.38425865  55.62638004 201.36282185  68.92163165]
0.5381200020246008
239
[ 14.38425865  55.62638004 201.36282185  68.92163165]
0.5381200020246008
240
[ 14.38425865  55.62638004 201.36282185  68.92163165]
0.5381200020246008
241
[ 14.38425865  55.62638004 201.36282185  68.92163165]
0.5381200020246008
242
[ 14.38425865  55.62638004 201.36282185  68.92163165]
0.5381200020246008
243
[ 14.38425865  55.62638004 201.36282185  68.92163165]
0.5381200020246008
244
[ 14.38425865  55.62638004 201.36282185  68.92163165]
0.5381200020246008
245
[ 14.38425865  55.62638004 201.36282185  68.92163165]
0.5381200020246008
246
[ 14.38425865  55.62638004 201.36282185  68.92163165]
0.5381200020246008
247
[ 14.38425865  55.62638004 201.36282185  68.92163165]
0.5381200020246008
248
[ 14.38425865  55.62638004 201.36282185  68.92163165]
0.5381200020246008
249
[ 14.38425865  55.62638004 201.36282185  68.92163165]
0.5381200020246008
250
[ 14.38425865  55.62638004 201.36282185  68.92163165]
0.5381200020246008
251
[ 14.38425865  55.62638004 201.36282185  68.92163165]
0.5381200020246008
252
[ 14.38425865  55.62638004 201.36282185  68.92163165]
0.5381200020246008
253
[ 14.38425865  55.62638004 201.36282185  68.92163165]
0.5381200020246008
254
[ 14.38425865  55.62638004 201.36282185  68.92163165]
0.5381200020246008
255
[ 14.38425865  55.62638004 201.36282185  68.92163165]
0.5381200020246008
256
[ 14.38425865  55.62638004 201.36282185  68.92163165]
0.5381200020246008
257
[ 14.38425865  55.62638004 201.36282185  68.92163165]
0.5381200020246008
258
[ 14.38425865  55.62638004 201.36282185  68.92163165]
0.5381200020246008
259
[ 14.38425865  55.62638004 201.36282185  68.92163165]
0.5381200020246008
260
[ 14.38425865  55.62638004 201.36282185  68.92163165]
0.5381200020246008
261
[ 14.38425865  55.62638004 201.36282185  68.92163165]
0.5381200020246008
262
[ 14.38425865  55.62638004 201.36282185  68.92163165]
0.5381200020246008
263
[ 14.38425865  55.62638004 201.36282185  68.92163165]
0.5381200020246008
264
[ 14.38425865  55.62638004 201.36282185  68.92163165]
0.5381200020246008
265
[ 14.38425865  55.62638004 201.36282185  68.92163165]
0.5381200020246008
266
[ 14.38425865  55.62638004 201.36282185  68.92163165]
0.5381200020246008
267
[ 14.38425865  55.62638004 201.36282185  68.92163165]
0.5381200020246008
268
[ 14.38425865  55.62638004 201.36282185  68.92163165]
0.5381200020246008
269
[ 14.38425865  55.62638004 201.36282185  68.92163165]
0.5381200020246008
270
[ 14.38425865  55.62638004 201.36282185  68.92163165]
0.5381200020246008
271
[ 14.38425865  55.62638004 201.36282185  68.92163165]
0.5381200020246008
272
[ 14.38425865  55.62638004 201.36282185  68.92163165]
0.5381200020246008
273
[ 14.38425865  55.62638004 201.36282185  68.92163165]
0.5381200020246008
274
[ 14.38425865  55.62638004 201.36282185  68.92163165]
0.5381200020246008
275
[ 14.38425865  55.62638004 201.36282185  68.92163165]
0.5381200020246008
276
[ 14.38425865  55.62638004 201.36282185  68.92163165]
0.5381200020246008
277
[ 14.38425865  55.62638004 201.36282185  68.92163165]
0.5381200020246008
278
[ 14.38425865  55.62638004 201.36282185  68.92163165]
0.5381200020246008
279
[ 14.38425865  55.62638004 201.36282185  68.92163165]
0.5381200020246008
280
[ 14.38425865  55.62638004 201.36282185  68.92163165]
0.5381200020246008
281
[ 14.38425865  55.62638004 201.36282185  68.92163165]
0.5381200020246008
282
[ 14.38425865  55.62638004 201.36282185  68.92163165]
0.5381200020246008
283
[ 14.38425865  55.62638004 201.36282185  68.92163165]
0.5381200020246008
284
[ 14.38425865  55.62638004 201.36282185  68.92163165]
0.5381200020246008
285
[ 14.38425865  55.62638004 201.36282185  68.92163165]
0.5381200020246008
286
[ 14.38425865  55.62638004 201.36282185  68.92163165]
0.5381200020246008
287
[ 14.38425865  55.62638004 201.36282185  68.92163165]
0.5381200020246008
288
[ 14.38425865  55.62638004 201.36282185  68.92163165]
0.5381200020246008
289
[  8.38004428  53.11145368 216.80077986  33.92886146]
0.538219395722734
290
[  8.38004428  53.11145368 216.80077986  33.92886146]
0.538219395722734
291
[  8.38004428  53.11145368 216.80077986  33.92886146]
0.538219395722734
292
[  8.38004428  53.11145368 216.80077986  33.92886146]
0.538219395722734
293
[  8.38004428  53.11145368 216.80077986  33.92886146]
0.538219395722734
294
[  8.38004428  53.11145368 216.80077986  33.92886146]
0.538219395722734
295
[  8.38004428  53.11145368 216.80077986  33.92886146]
0.538219395722734
296
[  8.38004428  53.11145368 216.80077986  33.92886146]
0.538219395722734
297
[  8.38004428  53.11145368 216.80077986  33.92886146]
0.538219395722734
298
[  8.38004428  53.11145368 216.80077986  33.92886146]
0.538219395722734
299
[  8.38004428  53.11145368 216.80077986  33.92886146]
0.538219395722734
300
[  8.38004428  53.11145368 216.80077986  33.92886146]
0.538219395722734
301
[  8.38004428  53.11145368 216.80077986  33.92886146]
0.538219395722734
302
[  8.38004428  53.11145368 216.80077986  33.92886146]
0.538219395722734
303
[  8.38004428  53.11145368 216.80077986  33.92886146]
0.538219395722734
304
[  8.38004428  53.11145368 216.80077986  33.92886146]
0.538219395722734
305
[  8.38004428  53.11145368 216.80077986  33.92886146]
0.538219395722734
306
[  8.38004428  53.11145368 216.80077986  33.92886146]
0.538219395722734
307
[  8.38004428  53.11145368 216.80077986  33.92886146]
0.538219395722734
308
[  8.38004428  53.11145368 216.80077986  33.92886146]
0.538219395722734
309
[  8.38004428  53.11145368 216.80077986  33.92886146]
0.538219395722734
310
[  8.38004428  53.11145368 216.80077986  33.92886146]
0.538219395722734
311
[  8.38004428  53.11145368 216.80077986  33.92886146]
0.538219395722734
312
[  8.38004428  53.11145368 216.80077986  33.92886146]
0.538219395722734
313
[  8.38004428  53.11145368 216.80077986  33.92886146]
0.538219395722734
314
[ 10.75497732  58.53319396 209.95283756 104.17645868]
0.5395960564505733
315
[ 10.75497732  58.53319396 209.95283756 104.17645868]
0.5395960564505733
316
[ 10.75497732  58.53319396 209.95283756 104.17645868]
0.5395960564505733
317
[ 10.75497732  58.53319396 209.95283756 104.17645868]
0.5395960564505733
318
[ 10.75497732  58.53319396 209.95283756 104.17645868]
0.5395960564505733
319
[ 10.75497732  58.53319396 209.95283756 104.17645868]
0.5395960564505733
320
[ 10.75497732  58.53319396 209.95283756 104.17645868]
0.5395960564505733
321
[ 10.75497732  58.53319396 209.95283756 104.17645868]
0.5395960564505733
322
[ 10.75497732  58.53319396 209.95283756 104.17645868]
0.5395960564505733
323
[ 10.75497732  58.53319396 209.95283756 104.17645868]
0.5395960564505733
324
[ 10.75497732  58.53319396 209.95283756 104.17645868]
0.5395960564505733
325
[ 10.75497732  58.53319396 209.95283756 104.17645868]
0.5395960564505733
326
[ 10.75497732  58.53319396 209.95283756 104.17645868]
0.5395960564505733
327
[ 10.75497732  58.53319396 209.95283756 104.17645868]
0.5395960564505733
328
[ 10.75497732  58.53319396 209.95283756 104.17645868]
0.5395960564505733
329
[ 10.75497732  58.53319396 209.95283756 104.17645868]
0.5395960564505733
330
[ 10.75497732  58.53319396 209.95283756 104.17645868]
0.5395960564505733
331
[ 10.75497732  58.53319396 209.95283756 104.17645868]
0.5395960564505733
332
[ 10.75497732  58.53319396 209.95283756 104.17645868]
0.5395960564505733
333
[ 10.75497732  58.53319396 209.95283756 104.17645868]
0.5395960564505733
334
[ 10.75497732  58.53319396 209.95283756 104.17645868]
0.5395960564505733
335
[ 10.75497732  58.53319396 209.95283756 104.17645868]
0.5395960564505733
336
[ 10.75497732  58.53319396 209.95283756 104.17645868]
0.5395960564505733
337
[ 10.75497732  58.53319396 209.95283756 104.17645868]
0.5395960564505733
338
[ 10.75497732  58.53319396 209.95283756 104.17645868]
0.5395960564505733
339
[ 10.75497732  58.53319396 209.95283756 104.17645868]
0.5395960564505733
340
[ 10.75497732  58.53319396 209.95283756 104.17645868]
0.5395960564505733
341
[ 10.75497732  58.53319396 209.95283756 104.17645868]
0.5395960564505733
342
[ 10.75497732  58.53319396 209.95283756 104.17645868]
0.5395960564505733
343
[ 10.75497732  58.53319396 209.95283756 104.17645868]
0.5395960564505733
344
[ 10.75497732  58.53319396 209.95283756 104.17645868]
0.5395960564505733
345
[ 10.75497732  58.53319396 209.95283756 104.17645868]
0.5395960564505733
346
[ 10.75497732  58.53319396 209.95283756 104.17645868]
0.5395960564505733
347
[ 10.75497732  58.53319396 209.95283756 104.17645868]
0.5395960564505733
348
[ 10.75497732  58.53319396 209.95283756 104.17645868]
0.5395960564505733
349
[ 10.75497732  58.53319396 209.95283756 104.17645868]
0.5395960564505733
350
[ 10.75497732  58.53319396 209.95283756 104.17645868]
0.5395960564505733
351
[ 10.75497732  58.53319396 209.95283756 104.17645868]
0.5395960564505733
352
[ 10.75497732  58.53319396 209.95283756 104.17645868]
0.5395960564505733
353
[ 10.75497732  58.53319396 209.95283756 104.17645868]
0.5395960564505733
354
[ 10.75497732  58.53319396 209.95283756 104.17645868]
0.5395960564505733
355
[ 10.75497732  58.53319396 209.95283756 104.17645868]
0.5395960564505733
356
[ 10.75497732  58.53319396 209.95283756 104.17645868]
0.5395960564505733
357
[ 10.75497732  58.53319396 209.95283756 104.17645868]
0.5395960564505733
358
[ 10.75497732  58.53319396 209.95283756 104.17645868]
0.5395960564505733
359
[ 10.75497732  58.53319396 209.95283756 104.17645868]
0.5395960564505733
360
[ 10.75497732  58.53319396 209.95283756 104.17645868]
0.5395960564505733
361
[ 10.75497732  58.53319396 209.95283756 104.17645868]
0.5395960564505733
362
[ 10.75497732  58.53319396 209.95283756 104.17645868]
0.5395960564505733
363
[ 10.75497732  58.53319396 209.95283756 104.17645868]
0.5395960564505733
364
[ 10.75497732  58.53319396 209.95283756 104.17645868]
0.5395960564505733
365
[ 10.75497732  58.53319396 209.95283756 104.17645868]
0.5395960564505733
366
[ 10.75497732  58.53319396 209.95283756 104.17645868]
0.5395960564505733
367
[ 10.75497732  58.53319396 209.95283756 104.17645868]
0.5395960564505733
368
[ 10.75497732  58.53319396 209.95283756 104.17645868]
0.5395960564505733
369
[ 10.75497732  58.53319396 209.95283756 104.17645868]
0.5395960564505733
370
[ 10.75497732  58.53319396 209.95283756 104.17645868]
0.5395960564505733
371
[ 10.75497732  58.53319396 209.95283756 104.17645868]
0.5395960564505733
372
[ 10.75497732  58.53319396 209.95283756 104.17645868]
0.5395960564505733
373
[ 10.75497732  58.53319396 209.95283756 104.17645868]
0.5395960564505733
374
[ 10.75497732  58.53319396 209.95283756 104.17645868]
0.5395960564505733
375
[ 10.75497732  58.53319396 209.95283756 104.17645868]
0.5395960564505733
376
[ 10.75497732  58.53319396 209.95283756 104.17645868]
0.5395960564505733
377
[ 10.75497732  58.53319396 209.95283756 104.17645868]
0.5395960564505733
378
[ 10.75497732  58.53319396 209.95283756 104.17645868]
0.5395960564505733
379
[ 17.77934741  53.01923195 190.50660539  70.62729931]
0.5423762442208504
380
[ 17.77934741  53.01923195 190.50660539  70.62729931]
0.5423762442208504
381
[ 17.77934741  53.01923195 190.50660539  70.62729931]
0.5423762442208504
382
[ 17.77934741  53.01923195 190.50660539  70.62729931]
0.5423762442208504
383
[  8.18352053  53.40308629 212.74678135  39.82298961]
0.5494380375530115
384
[  8.18352053  53.40308629 212.74678135  39.82298961]
0.5494380375530115
385
[  8.18352053  53.40308629 212.74678135  39.82298961]
0.5494380375530115
386
[  8.18352053  53.40308629 212.74678135  39.82298961]
0.5494380375530115
387
[  8.18352053  53.40308629 212.74678135  39.82298961]
0.5494380375530115
388
[  8.18352053  53.40308629 212.74678135  39.82298961]
0.5494380375530115
389
[  8.18352053  53.40308629 212.74678135  39.82298961]
0.5494380375530115
390
[  8.18352053  53.40308629 212.74678135  39.82298961]
0.5494380375530115
391
[  8.18352053  53.40308629 212.74678135  39.82298961]
0.5494380375530115
392
[  8.18352053  53.40308629 212.74678135  39.82298961]
0.5494380375530115
393
[  8.18352053  53.40308629 212.74678135  39.82298961]
0.5494380375530115
394
[  8.18352053  53.40308629 212.74678135  39.82298961]
0.5494380375530115
395
[  8.18352053  53.40308629 212.74678135  39.82298961]
0.5494380375530115
396
[  8.18352053  53.40308629 212.74678135  39.82298961]
0.5494380375530115
397
[  8.18352053  53.40308629 212.74678135  39.82298961]
0.5494380375530115
398
[  8.18352053  53.40308629 212.74678135  39.82298961]
0.5494380375530115
399
[  8.18352053  53.40308629 212.74678135  39.82298961]
0.5494380375530115
400
[  8.18352053  53.40308629 212.74678135  39.82298961]
0.5494380375530115
401
[  8.2510255   53.77434382 178.19365007  10.99517865]
0.567582369027012
402
[  8.2510255   53.77434382 178.19365007  10.99517865]
0.567582369027012
403
[  8.2510255   53.77434382 178.19365007  10.99517865]
0.567582369027012
404
[  8.2510255   53.77434382 178.19365007  10.99517865]
0.567582369027012
405
[  8.2510255   53.77434382 178.19365007  10.99517865]
0.567582369027012
406
[  8.2510255   53.77434382 178.19365007  10.99517865]
0.567582369027012
407
[  8.2510255   53.77434382 178.19365007  10.99517865]
0.567582369027012
408
[  8.2510255   53.77434382 178.19365007  10.99517865]
0.567582369027012
409
[  8.2510255   53.77434382 178.19365007  10.99517865]
0.567582369027012
410
[  8.2510255   53.77434382 178.19365007  10.99517865]
0.567582369027012
411
[  8.2510255   53.77434382 178.19365007  10.99517865]
0.567582369027012
412
[  8.2510255   53.77434382 178.19365007  10.99517865]
0.567582369027012
413
[  8.2510255   53.77434382 178.19365007  10.99517865]
0.567582369027012
414
[  8.2510255   53.77434382 178.19365007  10.99517865]
0.567582369027012
415
[  8.2510255   53.77434382 178.19365007  10.99517865]
0.567582369027012
416
[  8.2510255   53.77434382 178.19365007  10.99517865]
0.567582369027012
417
[  8.2510255   53.77434382 178.19365007  10.99517865]
0.567582369027012
418
[  8.2510255   53.77434382 178.19365007  10.99517865]
0.567582369027012
419
[  8.2510255   53.77434382 178.19365007  10.99517865]
0.567582369027012
420
[  8.2510255   53.77434382 178.19365007  10.99517865]
0.567582369027012
421
[  8.2510255   53.77434382 178.19365007  10.99517865]
0.567582369027012
422
[  8.2510255   53.77434382 178.19365007  10.99517865]
0.567582369027012
423
[  8.2510255   53.77434382 178.19365007  10.99517865]
0.567582369027012
424
[  8.2510255   53.77434382 178.19365007  10.99517865]
0.567582369027012
425
[  8.2510255   53.77434382 178.19365007  10.99517865]
0.567582369027012
426
[  8.2510255   53.77434382 178.19365007  10.99517865]
0.567582369027012
427
[  8.2510255   53.77434382 178.19365007  10.99517865]
0.567582369027012
428
[  8.2510255   53.77434382 178.19365007  10.99517865]
0.567582369027012
429
[  8.2510255   53.77434382 178.19365007  10.99517865]
0.567582369027012
430
[  8.2510255   53.77434382 178.19365007  10.99517865]
0.567582369027012
431
[  8.2510255   53.77434382 178.19365007  10.99517865]
0.567582369027012
432
[  8.2510255   53.77434382 178.19365007  10.99517865]
0.567582369027012
433
[  8.2510255   53.77434382 178.19365007  10.99517865]
0.567582369027012
434
[  8.2510255   53.77434382 178.19365007  10.99517865]
0.567582369027012
435
[  8.2510255   53.77434382 178.19365007  10.99517865]
0.567582369027012
436
[  8.2510255   53.77434382 178.19365007  10.99517865]
0.567582369027012
437
[  8.2510255   53.77434382 178.19365007  10.99517865]
0.567582369027012
438
[  8.2510255   53.77434382 178.19365007  10.99517865]
0.567582369027012
439
[  8.2510255   53.77434382 178.19365007  10.99517865]
0.567582369027012
440
[  8.2510255   53.77434382 178.19365007  10.99517865]
0.567582369027012
441
[  8.2510255   53.77434382 178.19365007  10.99517865]
0.567582369027012
442
[  8.2510255   53.77434382 178.19365007  10.99517865]
0.567582369027012
443
[  8.2510255   53.77434382 178.19365007  10.99517865]
0.567582369027012
444
[  8.2510255   53.77434382 178.19365007  10.99517865]
0.567582369027012
445
[  8.2510255   53.77434382 178.19365007  10.99517865]
0.567582369027012
446
[  8.2510255   53.77434382 178.19365007  10.99517865]
0.567582369027012
447
[  8.2510255   53.77434382 178.19365007  10.99517865]
0.567582369027012
448
[  8.2510255   53.77434382 178.19365007  10.99517865]
0.567582369027012
449
[  8.2510255   53.77434382 178.19365007  10.99517865]
0.567582369027012
450
[ 10.62959133  57.23748011 209.92867951   0.71058604]
0.6713888559916252
451
[ 10.62959133  57.23748011 209.92867951   0.71058604]
0.6713888559916252
452
[ 10.62959133  57.23748011 209.92867951   0.71058604]
0.6713888559916252
453
[ 10.62959133  57.23748011 209.92867951   0.71058604]
0.6713888559916252
454
[ 10.62959133  57.23748011 209.92867951   0.71058604]
0.6713888559916252
455
[ 10.62959133  57.23748011 209.92867951   0.71058604]
0.6713888559916252
456
[ 10.62959133  57.23748011 209.92867951   0.71058604]
0.6713888559916252
457
[ 10.62959133  57.23748011 209.92867951   0.71058604]
0.6713888559916252
458
[ 10.62959133  57.23748011 209.92867951   0.71058604]
0.6713888559916252
459
[ 10.62959133  57.23748011 209.92867951   0.71058604]
0.6713888559916252
460
[ 10.62959133  57.23748011 209.92867951   0.71058604]
0.6713888559916252
461
[ 10.62959133  57.23748011 209.92867951   0.71058604]
0.6713888559916252
462
[ 10.62959133  57.23748011 209.92867951   0.71058604]
0.6713888559916252
463
[ 10.62959133  57.23748011 209.92867951   0.71058604]
0.6713888559916252
464
[ 10.62959133  57.23748011 209.92867951   0.71058604]
0.6713888559916252
465
[ 10.62959133  57.23748011 209.92867951   0.71058604]
0.6713888559916252
466
[ 10.62959133  57.23748011 209.92867951   0.71058604]
0.6713888559916252
467
[ 10.62959133  57.23748011 209.92867951   0.71058604]
0.6713888559916252
468
[ 10.62959133  57.23748011 209.92867951   0.71058604]
0.6713888559916252
469
[ 10.62959133  57.23748011 209.92867951   0.71058604]
0.6713888559916252
470
[ 10.62959133  57.23748011 209.92867951   0.71058604]
0.6713888559916252
471
[ 10.62959133  57.23748011 209.92867951   0.71058604]
0.6713888559916252
472
[ 10.62959133  57.23748011 209.92867951   0.71058604]
0.6713888559916252
473
[ 10.62959133  57.23748011 209.92867951   0.71058604]
0.6713888559916252
474
[ 10.62959133  57.23748011 209.92867951   0.71058604]
0.6713888559916252
475
[ 10.62959133  57.23748011 209.92867951   0.71058604]
0.6713888559916252
476
[ 10.62959133  57.23748011 209.92867951   0.71058604]
0.6713888559916252
477
[ 10.62959133  57.23748011 209.92867951   0.71058604]
0.6713888559916252
478
[ 10.62959133  57.23748011 209.92867951   0.71058604]
0.6713888559916252
479
[ 10.62959133  57.23748011 209.92867951   0.71058604]
0.6713888559916252
480
[ 10.62959133  57.23748011 209.92867951   0.71058604]
0.6713888559916252
481
[ 10.62959133  57.23748011 209.92867951   0.71058604]
0.6713888559916252
482
[ 10.62959133  57.23748011 209.92867951   0.71058604]
0.6713888559916252
483
[ 10.62959133  57.23748011 209.92867951   0.71058604]
0.6713888559916252
484
[ 10.62959133  57.23748011 209.92867951   0.71058604]
0.6713888559916252
485
[ 10.62959133  57.23748011 209.92867951   0.71058604]
0.6713888559916252
486
[ 10.62959133  57.23748011 209.92867951   0.71058604]
0.6713888559916252
487
[ 10.62959133  57.23748011 209.92867951   0.71058604]
0.6713888559916252
488
[ 10.62959133  57.23748011 209.92867951   0.71058604]
0.6713888559916252
489
[ 10.62959133  57.23748011 209.92867951   0.71058604]
0.6713888559916252
490
[ 10.62959133  57.23748011 209.92867951   0.71058604]
0.6713888559916252
491
[ 10.62959133  57.23748011 209.92867951   0.71058604]
0.6713888559916252
492
[ 10.62959133  57.23748011 209.92867951   0.71058604]
0.6713888559916252
493
[ 10.62959133  57.23748011 209.92867951   0.71058604]
0.6713888559916252
494
[ 10.62959133  57.23748011 209.92867951   0.71058604]
0.6713888559916252
495
[ 10.62959133  57.23748011 209.92867951   0.71058604]
0.6713888559916252
496
[ 10.62959133  57.23748011 209.92867951   0.71058604]
0.6713888559916252
497
[ 10.62959133  57.23748011 209.92867951   0.71058604]
0.6713888559916252
498
[ 10.62959133  57.23748011 209.92867951   0.71058604]
0.6713888559916252
499
[ 10.62959133  57.23748011 209.92867951   0.71058604]
0.6713888559916252